1            2            3            4            5            6            7            8            9           10           11           12           13           14           15
0.00000
0.06835      0.00000
0.00388      0.01194      0.00000
0.00811      0.01462            0      0.00000
0.08840      0.11163      0.09350      0.04010      0.00000
0.02190      0.02796            0      0.00073      0.03646      0.00000
0.03725      0.05785      0.02279      0.01364      0.03067            0      0.00000
0.01493      0.00622            0            0      0.05940      0.01220      0.01971      0.00000
0.02439      0.05499      0.01068      0.00630      0.04154            0            0      0.01502      0.00000
0.01702            0            0            0      0.07870      0.00269      0.03020            0      0.01836      0.00000
0.08773            0            0      0.00524      0.11754            0      0.01046            0      0.02604            0      0.00000
0.03189      0.00510            0      0.00408      0.10211      0.01991      0.03843            0      0.03240            0      0.00607      0.00000
0.02382      0.01897            0      0.00364      0.05920      0.00884      0.01356      0.00563      0.01751            0            0      0.00454      0.00000
0.00962      0.03428      0.00320            0      0.02291            0      0.00368      0.01537            0      0.01480      0.01474      0.03178      0.01462      0.00000
0            0            0            0            0            0            0            0            0            0            0      0.00485            0            0      0.00000