      1                 2                 3                 4                 5                 6                 7                 8                 9                10                11                12                13                14
0.00000
0.69935           0.00000
0.26561           0.25105           0.00000
0.25730           0.25963           0.08270           0.00000
0.78920           1.04324           0.73625           0.49068           0.00000
0.38856           0.36018           0.13257           0.10184           0.47897           0.00000
0.46663           0.51557           0.26137           0.16492           0.35262           0.11115           0.00000
0.30270           0.17797           0.08033           0.04808           0.61663           0.13793           0.20595           0.00000
0.33550           0.43178           0.16492           0.08337           0.38684           0.05074           0.09884           0.13521           0.00000
0.40659           0.17963           0.14746           0.12994           0.84170           0.17009           0.33737           0.07068           0.21912           0.00000
0.49834           0.24594           0.17973           0.17171           0.68305           0.14715           0.24925           0.14665           0.21422           0.13738           0.00000
0.40899           0.19192           0.15906           0.11083           0.74853           0.25653           0.35179           0.07010           0.28020           0.11464           0.31623           0.00000
0.39171           0.29152           0.10271           0.09684           0.66307           0.13369           0.19131           0.08388           0.16669           0.09750           0.08240           0.17961           0.00000
0.31218           0.40971           0.16817           0.07614           0.37193           0.09361           0.13566           0.15261           0.03414           0.23187           0.22172           0.27565           0.17633           0.00000