no comment
D3S1358, TH01, D21S11, D18S51, Penta_E, D5S818, D13S317, D7S820, D16S539, CSF1PO, Penta_D, vWA, D8S1179, TPOX, FGA
pop
DV001, 1616 0709 3032 1717 1314 1212 0913 1112 1212 1111 0910 1616 1013 1011 2425
DV002, 1416 0909 2932 1416 1515 0711 0912 1111 1112 1012 0912 1618 1415 0811 2125
DV003, 1516 0609 2932 1416 1315 1111 0812 1114 0912 1112 0912 1718 1415 0811 1921
DV004, 1518 0909 3033 1719 1515 0707 1113 0811 1012 1113 0909 1718 1215 0811 2125
DV005, 1415 0707 2932 1515 1717 0910 1212 0811 1213 1012 0210 1617 1414 0808 2123
DV006, 1516 0909 2933 1214 0810 1112 0913 1113 1212 1011 0913 1516 1013 0811 2425
DV007, 1616 0709 3032 1214 0712 1113 0809 1112 0910 1112 0909 1617 1214 0808 2121
pop
EA001, 1617 0709 2529 1416 0508 1111 0912 0711 0910 1011 0914 1718 1315 0808 2022
EA002, 1616 0607 3132 1416 1919 1111 0811 1112 1112 1212 1414 1619 1212 0808 2326
EA003, 1515 0607 3032 1516 0712 1113 0909 0912 1113 1011 1011 1617 1012 0811 1925
EA004, 1717 0707 2832 0000 0000 1112 0910 1112 0912 0000 1212 1818 1015 0811 2222
EA005, 1617 0707 2930 1616 1112 1313 1113 1111 1010 1012 1212 1717 1415 0911 2123
EA006, 1616 0607 2828 0000 0709 1112 1111 1111 1212 1111 1213 1516 1212 1111 2527
EA007, 1416 0709 2532 0000 1212 1212 0914 1112 1112 1012 1010 1617 1112 1011 2025
EA008, 1616 0607 2832 1515 0714 1212 0911 1113 1212 1112 1113 1515 1012 0811 2227
EA009, 1416 0708 2730 1317 1314 1113 1212 1011 0909 1213 1112 1616 1315 0808 1921
EA010, 1516 0709 2832 0000 1116 1112 0911 1112 1011 0000 1011 1518 1415 0812 1824
EA011, 1515 0609 3132 1416 1719 0712 0810 1012 0911 1012 1112 1616 1112 0811 2125
EA012, 1617 0709 2930 1416 1314 0912 1112 1113 1113 1113 0715 1819 1214 0808 2222
pop
MQ001, 1516 0707 3032 1217 1016 1011 0909 1111 0912 1112 1011 1720 1212 0811 2121
MQ002, 1516 0607 3133 1524 1719 1112 0911 1012 1111 0912 0910 1717 1314 0912 1924
MQ003, 1616 0707 2930 1414 1220 1213 0914 0812 1011 1112 1112 1616 1314 0811 2223
MQ004, 1516 0606 3032 1214 1112 1313 0912 0812 0912 1112 1112 1619 1416 0808 2020
MQ005, 1515 0709 3030 1618 0512 1113 1010 1114 0912 0912 0913 1516 1415 0811 2126
MQ006, 1616 0607 3031 1213 1112 0707 0811 1112 1213 1111 0911 1718 1015 0812 1924
MQ007, 1617 0709 3232 1416 1515 1313 1213 1112 1014 1113 0909 1516 1314 0811 1921
MQ008, 1516 0909 2829 1416 1212 1113 1213 0911 1011 1112 0911 1518 1415 0811 2023
MQ009, 1516 0709 3031 1314 0916 0911 1212 1111 0910 1212 0911 1517 1114 0911 2525
MQ010, 1517 0607 3030 1821 1215 1212 1011 1012 1111 1011 1010 1616 1415 0808 2426
MQ011, 1515 0709 3131 1314 1113 1111 1111 1112 1111 1012 0910 1818 1212 1111 2425
MQ012, 1516 0709 2832 1717 1314 1212 1012 0813 1011 1113 0912 1617 1114 0811 1925
MQ013, 1617 0909 3032 1214 1515 0711 1111 1012 0910 1212 1011 1516 1213 1212 2123
MQ014, 1416 0709 3133 1217 1115 1011 0910 1010 1011 1010 1213 1818 1415 1113 2628
MQ015, 1717 0708 2829 1316 0707 1012 0911 1112 1212 0912 1011 1516 1313 1011 2022
MQ016, 1516 0609 2931 1213 1215 1112 0813 0711 1113 0910 1212 1819 0813 1111 2026
MQ017, 1415 0910 2830 1414 1314 1111 0914 1111 1212 1012 0913 1516 1314 0812 2025
MQ018, 1516 0709 2829 0000 1112 0713 1111 0910 0912 0000 1011 1617 1414 1111 1921
MQ019, 1516 0607 2932 1415 1220 1111 1113 1010 1010 1112 0912 1618 1314 1112 2025
MQ020, 1516 0607 2830 1416 0000 1113 0814 1212 0909 1011 1010 1618 1414 0811 2325
MQ021, 1516 0609 2830 0000 0000 1111 0912 1012 1012 0000 0910 1719 1315 0812 2426
MQ022, 1518 0606 3232 1417 1216 0910 0910 1011 1112 1012 0913 1618 1214 0809 2328
pop
PQ001, 1417 0909 2933 0000 1619 1113 0812 0911 1212 0000 1012 1616 1414 0808 2425
PQ002, 1518 0609 2932 1516 1115 1212 0914 1011 0910 1012 1212 1719 1012 0811 2122
PQ003, 1417 0609 3132 1819 0717 1112 0911 1010 1112 1112 1013 1417 1213 1011 1923
PQ004, 1518 0607 2829 1414 1214 1111 0914 1111 1212 0910 0913 1516 1314 0812 2027
PQ005, 1518 0909 3132 1314 1218 0712 0814 1212 1113 1012 1113 1717 1316 0808 2123
PQ006, 1518 0609 3033 1415 1215 1213 0811 1012 1011 0910 1010 1516 1014 0812 2526
PQ007, 1517 0609 3033 0000 1618 1013 0914 1112 0910 0000 1010 1717 1113 0808 2124
PQ008, 1516 0708 2830 0000 0711 1112 0909 0912 1113 1112 0909 1618 1314 1012 1924
PQ009, 1617 0808 2932 1515 1012 1112 0812 0910 0912 0910 1013 1517 1011 1111 2226
PQ010, 1415 0610 2832 1414 1215 1111 1213 1111 1212 1012 0912 1717 1414 0911 0000
PQ011, 1616 0607 3032 1214 0719 0713 0912 0811 0911 1010 1114 1516 1112 0808 2525
PQ012, 1518 0606 3030 0000 0000 1212 0911 1012 1112 0000 0912 1717 1313 0811 1722
PQ013, 1516 0709 2831 1214 1517 1111 1214 1011 0909 0911 0910 1417 1414 0812 2124
PQ015, 1518 0608 2932 0000 1213 1112 0912 1010 1213 0000 1213 1617 1013 1111 2226
PQ016, 1515 0607 2831 1317 1819 0711 1111 1011 1012 1112 1010 1618 1314 0808 1926
PQ017, 1516 0607 3232 0000 0722 1111 1212 0811 1114 0000 1112 1516 1213 1111 2023
PQ018, 1517 0609 3030 0000 0000 0913 1112 0810 1111 0000 0000 1617 1416 0811 2124
PQ019, 1516 0606 3232 0000 0512 1112 1112 0808 1113 0000 0910 1518 1314 0809 2325
PQ020, 1618 0709 3032 0000 1122 0710 1212 1112 1010 1010 0914 1718 1113 0808 2425
PQ021, 1518 0607 2930 1318 0712 1112 1112 1011 1212 1212 1011 1617 1115 0811 1720
PQ022, 1516 0809 2930 0000 1117 0911 0913 1012 1113 1010 1113 1515 1314 1111 1925
PQ023, 1515 0909 2829 0000 0713 1112 0912 1112 0912 0910 1113 1616 1315 0812 2527
PQ024, 1515 0709 3032 0000 0000 0711 0910 0911 1113 0000 0912 1518 1215 1112 2125
PQ025, 1418 0607 3031 1517 1314 1111 0811 1112 1010 0912 1014 1618 1213 0811 1821
PQ026, 1518 0609 2930 0000 1012 1012 0812 1212 1113 1112 1011 1620 1213 0811 2125
PQ027, 1516 0606 3233 0000 0000 1111 0808 0911 0911 0000 1013 1617 1415 0811 2024
PQ028, 1417 0607 3132 0000 1313 0911 0911 1112 1011 1212 1014 1718 1213 1111 1824
PQ029, 1718 0709 2832 1423 1112 1111 1212 1113 0912 1011 1010 1515 1314 0911 2226
PQ030, 1718 0607 2930 1213 1214 0911 1112 1112 0912 1113 0911 1617 1314 0808 2224
PQ031, 1515 0709 3132 0000 1719 0713 1214 1212 1113 1212 0911 1618 1516 0808 1924
PQ032, 1516 0709 3031 0000 1216 1212 0812 1111 1212 0000 1011 1720 1013 0812 2626
PQ033, 1518 0609 3030 1215 1019 1112 1212 1011 1213 1213 1112 1417 1314 0808 2324
PQ034, 1618 0709 3030 1414 1516 1313 1011 1012 1213 1113 0213 1417 1112 0808 2324
PQ035, 1516 0710 3033 0000 0810 1213 0911 1111 0912 0000 1113 1416 1314 1111 2323
PQ036, 1618 1010 2730 0000 0712 0912 1112 0812 0910 0000 0209 1618 1415 0809 1926
PQ037, 1518 0709 2829 1417 1220 1113 0812 1011 0910 1215 0910 1518 1314 0808 2525
PQ038, 1415 0707 2931 1418 1218 1111 0914 0911 1112 1010 1113 1616 1112 0811 2324
PQ039, 1515 0606 2929 0000 1417 0711 0913 1111 0914 0000 1011 1818 1314 0808 2121
PQ040, 1515 0709 2931 1517 0720 1212 0911 1011 1212 1011 0710 1415 1313 0811 2324
PQ041, 1516 0600 3030 1315 1015 1112 0912 1114 1213 1111 0913 1617 1416 0811 2024
PQ042, 1515 0809 3232 0000 1214 1012 1212 1011 0911 1010 1010 1516 1013 0808 1919
PQ043, 1617 0609 2931 1424 1719 1113 1112 1212 1111 0911 0909 1718 1314 0911 1924
PQ044, 1618 0809 3232 1517 1416 1112 1012 1011 1112 1011 0913 1616 1313 0808 2425
PQ045, 1518 0707 3232 1317 1519 0911 1112 1010 1011 1113 1113 1518 1315 0811 2629
PQ046, 1416 0606 3030 0000 1415 1112 0912 1011 1212 0000 1113 1619 1113 0809 2021
PQ047, 1617 0609 3032 0000 1220 1113 1414 1010 1012 0000 1213 1616 1213 0808 2122
PQ048, 1616 0606 3333 1824 0919 0911 0912 0812 1111 0909 0910 1417 1415 0809 2024
PQ049, 0000 0909 3031 0000 0000 1113 1212 1012 0000 0000 1212 1417 1313 0808 2026
PQ050, 1616 0607 2831 0000 0710 1111 0912 1111 1213 0000 0911 1717 1415 0811 2527
PQ051, 1515 0708 3032 0000 1619 0707 1213 0909 0913 0000 1012 1619 1012 0911 2024
PQ052, 1616 0606 2930 1414 1519 0712 1012 1113 0913 0000 1213 1518 1416 0811 2124
PQ053, 1515 0609 3031 0000 0713 1112 1012 1010 1012 0912 0909 1417 1213 0812 2427
PQ054, 1617 0707 2932 1313 1212 0913 1113 0910 0912 1012 0912 1417 1214 1111 2125
PQ055, 1616 0709 2829 1213 0508 1113 0914 1012 1112 1011 0809 1617 1012 0808 2022
PQ056, 1717 0606 2828 0000 1215 1213 0812 0911 0910 1112 1112 1718 1414 0811 2124
PQ057, 1618 0609 3032 1417 0710 1111 0809 1112 1112 0912 1013 1617 1114 0811 2224
pop
RP001, 1415 0606 3132 0000 0515 1213 0913 1012 0913 1111 0914 1618 1113 0808 2126
RP002, 1417 0709 3333 1313 1319 0913 1013 1212 1213 0000 0911 1617 1313 0808 2122
RP003, 1518 0606 3032 0000 0000 1012 1314 1012 1213 0000 0909 1619 1113 0808 2126
RP004, 1516 0607 2932 0000 1616 1114 0812 0810 1113 0000 0912 1417 1212 0808 2223
RP005, 1417 0607 3032 0000 0000 1313 0914 1011 1011 0000 1111 1718 1015 1111 2021
RP006, 1515 0607 3031 0000 0000 0912 1113 1112 1113 0000 1112 1618 1314 1111 2326
RP007, 1616 0606 3032 1414 1218 1112 1113 1010 1014 1212 1112 1515 1013 0811 2026
RP008, 1517 0607 2932 1616 1621 1111 0812 0810 1011 0000 0913 1517 1213 0808 2323
RP009, 1415 0709 2932 0000 1313 1213 0912 0910 0912 0000 0910 1618 1215 0808 2525
RP010, 1515 0607 3132 1214 2022 0811 1112 0911 0910 1113 1012 1617 0815 0811 2626
RP011, 1515 0606 2932 1821 1217 1111 1112 1111 1112 1112 0709 1619 1114 0809 2021
RP012, 1315 0607 2931 1719 1519 1112 1114 0711 1113 1010 0912 1416 0811 0811 1926
RP013, 1415 0606 2932 0000 1212 1113 1112 1111 1111 0000 0711 1619 1314 0808 2123
pop
BZ001, 1516 0909 3233 1415 0720 0909 1013 0811 0912 1011 1213 1619 1111 1112 2224
BZ002, 1517 0608 2929 1414 1014 1111 1314 1111 1012 1112 1213 1718 1213 0811 2222
BZ004, 1516 0709 2930 1221 1719 0911 1113 1012 0912 1212 1314 1616 1215 0812 2626
BZ005, 1516 0707 2829 1316 1718 1111 0813 1114 1011 1212 0709 1717 1313 0811 1924
BZ006, 1617 0607 2933 1519 1112 1011 0912 1112 0912 1212 1012 1819 1014 0808 2424
BZ008, 1516 0607 2831 1415 1317 1111 1213 1012 1012 1213 1013 1717 1015 0811 2123
BZ011, 1518 0708 2930 1315 1120 1213 0912 1011 1010 1011 1013 1515 1015 1112 2026
BZ013, 1518 0809 2932 1818 1222 1212 1111 1012 0909 1212 1010 1617 1313 0811 2127
BZ015, 1515 0809 2931 1214 0811 1113 0814 1213 1010 1212 1011 1619 1113 0808 2122
BZ016, 1718 0707 2829 1315 1112 1112 0912 1112 0910 1111 0910 1518 1315 1112 2326
BZ017, 1518 0607 2933 1314 1717 1212 0912 1012 1012 1112 1113 1515 1314 0812 2023
BZ018b, 1515 0709 3030 1416 0719 0710 1012 1112 0913 1111 1012 1617 1313 0811 2424
BZ020, 1518 0708 3032 1222 1212 1011 0911 1112 0911 1012 0709 1617 1015 0808 1825
BZ021, 1517 0709 2930 1317 1415 0911 1111 0711 0909 1011 1012 1519 1212 0911 2126
BZ023, 0000 0000 0000 0000 0000 0000 0000 0000 0000 0000 0000 0000 0000 0000 0000
BZ024, 1516 0909 2732 1416 1318 1112 0912 1010 1213 1112 1011 1619 1213 0808 2425
BZ025, 1516 0607 2930 1515 1119 1111 1213 0910 1012 1112 0913 1717 1113 1112 2021
BZ026, 1415 0909 3031 1214 1113 1111 1114 1012 1011 1012 1015 1619 1515 0811 2226
BZ027, 1518 0709 3031 1315 1821 1113 1013 1111 1011 1011 0912 1619 1314 1011 2124
BZ028, 1418 0607 3030 1419 0715 0711 0813 1111 1213 1212 1013 1517 1213 0808 2024
BZ030, 1416 0609 3032 1415 1212 0710 1214 0809 1112 1012 1213 1617 1415 0809 2023
BZ032, 1415 0707 2932 1215 1318 1112 1114 0911 1012 1012 0910 1717 1215 0808 2025
BZ033, 1517 0609 2832 1114 0713 0911 0912 0910 0912 1112 0910 1619 1213 0811 2526
BZ034, 1516 0709 2932 1517 0712 1212 1014 0911 1013 1012 0911 1617 1313 1111 2126
BZ035, 1516 0607 3131 1818 1517 0911 1113 1112 0911 1212 0909 1819 1313 0911 2127
BZ036, 1618 0709 2932 1317 0717 1111 1213 1112 1212 1111 1313 1717 1214 0811 2424
BZ037, 1518 0609 3030 1418 1116 0913 0911 1010 1011 1011 0910 1518 1313 0811 2125
BZ040, 1616 0609 3030 1420 1518 1112 0912 0810 0910 1011 1012 1717 1214 0809 2425
BZ041, 1517 0609 2830 1013 1116 1212 1113 1111 0909 1011 1213 1616 1416 0812 2323
pop
CA002, 1618 0609 3131 1317 1315 1112 1314 1011 1212 1112 1011 1416 1313 0811 2627
CA005, 1515 0709 3032 1315 1214 1112 1012 1111 1213 1111 1011 1719 1112 0808 2229
CA006, 1617 0909 2800 1317 1214 1213 1012 1112 1113 1111 1012 1819 1215 0811 2224
CA007, 1315 0609 3030 1318 1517 1112 1213 1111 1112 1112 1011 1416 1515 0809 2124
CA009, 1415 0609 2933 1212 1115 1112 1213 1213 0912 1112 0912 1616 1315 0808 2727
CA010, 1717 0607 3030 1216 1518 0909 0912 1012 1213 1011 1113 1618 1013 0811 2022
CA011, 1717 0809 2833 1317 1014 1113 1012 1112 1313 1111 1214 1919 1415 1111 2222
CA012, 1515 0608 2830 1213 1214 0713 1214 0812 0909 1213 1113 1516 1213 0811 2124
CA013, 1515 0709 2931 1821 0712 1212 0912 1011 1112 1111 0712 1616 1316 0811 2100
CA014, 1516 0607 2931 1516 0913 1213 0915 0811 1113 1013 0911 1718 1113 0810 2022
CA015, 1518 0709 2829 1516 1117 1112 1112 1012 1111 1013 1011 1618 1213 0811 2425
CA016, 1516 0609 3032 1517 1216 1112 1214 0809 1213 0911 1011 1719 1314 0811 1924
CA017, 1618 0606 2830 1415 1016 1113 1114 1111 1011 1111 1212 1718 1313 0811 1925
CA018, 1516 0609 2930 1217 1520 1012 1213 0810 0912 1112 0713 1718 1516 0810 2526
CA019, 1516 0909 3232 1517 1213 1212 1212 0811 1112 1111 1010 1719 1111 1112 2526
CA020, 1616 0909 3133 1420 1719 1111 1011 1112 1212 1111 1112 1718 1113 0811 2222
CA022, 1519 0609 2733 1220 1920 1111 0810 1112 1012 1111 1112 1618 1113 0811 2022
CA023, 1515 0607 3030 1212 1220 1112 1014 0812 1213 1010 0710 1819 1113 0811 2223
pop
CB002, 1515 0609 3131 1415 0715 1112 1112 0910 1113 1011 1313 1618 1212 1111 2223
CB003, 1616 0709 2831 1314 1621 0712 0912 1010 1313 0910 1011 1618 1315 0809 2226
CB004, 1516 0607 3131 1417 0810 1111 1112 1011 1212 1112 1212 1617 1314 0812 1920
CB005, 1515 0607 3030 1515 1216 1112 0809 1011 1011 1111 0911 1616 1114 0911 1922
CB006, 1516 0609 2931 1415 1518 1113 0810 1011 1012 1112 0910 1619 1314 0812 1927
CB007, 1516 0808 3132 1418 0707 1112 0809 1012 1212 1212 0912 1616 1214 0808 2224
CB008, 1518 0607 3233 1719 1319 1112 0814 1112 1112 0910 0711 1418 1212 0811 2128
CB009, 1415 0609 2932 1414 1014 1112 1112 1011 0913 1112 1113 1718 1415 0911 2225
CB010, 1515 0707 3030 1418 1324 0911 1313 1011 1012 1012 1011 1617 1213 0811 2526
CB011, 1518 0606 3032 1314 1012 1113 0913 1112 0913 1112 0912 1717 1414 0809 2126
CB012, 1318 0809 3030 1213 1415 1111 1112 0911 0913 1012 0910 1718 1313 0811 1921
CB013, 1515 0909 2832 1216 0707 1111 0811 1011 1113 1111 0913 1818 1215 0811 2626
CB014, 1516 0606 3132 1519 1117 1111 0913 1010 1012 1112 1314 1718 1013 0809 2125
CB015, 1618 0709 3133 1620 0710 0711 0914 1112 0911 1212 1213 1516 1012 0811 0025
CB017, 1415 0606 3032 1314 1116 1111 0909 0913 0911 1011 1012 1619 1616 0811 2325
CB018, 1516 0606 3031 1417 1518 1113 0809 0810 1213 1212 1012 1719 1317 0808 2127
CB019, 1415 0709 2831 1515 1212 1213 1213 1012 1011 0910 1112 1617 1213 0811 2526
CB020, 1416 0609 2831 1317 0707 1111 1111 0809 1213 1112 0909 1617 1314 0811 2126
CB021, 1518 0607 3032 1419 1516 1111 0913 1112 1112 1313 0713 1516 1515 0808 1922
CB022, 1517 0607 3032 1418 0719 1313 1113 1011 1013 1113 1113 1618 1215 1112 2224
CB023, 1515 0609 2930 1518 0712 1313 0809 0911 0912 1212 1011 1414 1116 0808 2023
CB024, 1516 0606 3132 1516 1015 1113 1213 0910 1113 1011 1113 1618 1214 0812 2028
CB025, 1515 0609 3030 1418 1012 0711 0809 1011 0912 1012 0210 1717 1213 0808 2129
CB026, 1515 0607 3032 1616 2121 1112 1015 0910 0910 1111 0913 1617 1314 0809 1923
CB027, 1415 0609 3033 1317 1212 1013 1112 1010 1213 1212 1113 1718 1415 0809 2126
CB028, 1517 0609 3132 1619 0719 1113 1213 1011 1011 1112 0912 1618 1415 0808 2425
CB029, 1515 0607 2933 1517 1223 1212 1111 1011 1112 0813 0910 1618 1014 0812 1921
CB030, 1516 0809 3131 1224 0712 1011 1111 0711 1011 1012 1010 1417 1314 0808 2424
CB031, 1618 0607 2730 1415 0715 1112 1112 0911 1113 1011 1313 1616 1212 0811 2223
CB033, 1518 0607 3233 1314 0711 0712 1212 1010 0911 1014 0910 1618 1314 0810 2225
CB034, 1515 0708 3000 1415 1315 1212 0810 1012 1013 1212 1011 1617 1313 0912 2023
CB035, 1516 0609 3031 1718 1219 1011 1114 1011 1112 1012 0813 1617 1314 0811 2426
CB036, 1616 0708 2831 1318 1215 0713 1214 0711 1212 1212 1012 1618 1113 0811 2125
CB037, 1515 0707 3132 1217 1316 1212 0912 1012 1112 1112 0711 1719 1313 0811 2125
CB038, 1516 0708 2929 1318 1018 0911 1112 1212 1313 1112 0912 1618 1113 0811 1926
CB039, 1516 0607 3132 1313 0923 1112 0809 1011 1112 1212 1013 1616 1315 0811 1923
CB041, 1617 0607 3030 1415 1213 1213 0912 0909 1212 1112 1112 1418 1415 0808 2324
CB042, 1518 0608 2933 1417 1215 1111 0909 1011 1214 1012 0911 1617 1315 1112 2626
CB043, 1415 0709 3030 1213 1212 1113 1113 1012 1012 1213 0910 1718 1515 0912 2225
CB044, 1516 0606 3030 1315 1319 1111 1113 1010 0911 1112 1013 1617 1214 0808 2223
CB045, 1616 0607 2930 1818 1213 1111 1213 1013 0911 1012 0910 1517 1112 0811 2226
CB046, 1619 0709 3031 1818 1212 1112 1014 1212 1212 1112 1010 1618 0912 0812 2123
CB047, 1517 0707 3033 1314 0712 0710 1114 1012 1113 1012 1112 1718 1415 0808 2125
CB048, 1518 0609 2730 1720 1418 1111 0912 1011 1213 1111 0911 1517 1315 0808 1900
CB049, 1515 0607 3030 1217 1015 1212 1213 0910 1112 1112 1013 1617 1215 0811 2425
CB050, 1515 0707 3033 1515 1314 0711 0810 0812 1113 1012 0910 1617 1313 0911 2026
CB051, 1618 0607 2731 1415 0715 1111 1213 0810 0913 1111 0711 1819 1214 0811 2224
CB052, 1416 0809 3000 1619 1215 1213 1014 1012 1113 1112 1014 1416 1215 0911 2227
CB053, 1518 0608 3031 1417 1314 1112 1011 0809 1213 1113 1011 1617 1414 0811 2224
CB054, 1618 0709 2830 1417 1117 1212 0910 1011 1111 1212 0710 1719 1011 1111 2225
CB055, 1516 0606 2930 1417 1212 0911 1011 1011 0911 1111 1313 1618 1213 0811 2626
CB057, 1516 0709 3031 1418 1415 1112 0812 1011 0912 1111 1112 1617 1014 0808 2022
CB059, 1515 0909 3031 1517 1214 1111 0811 1010 1112 1112 1010 1616 1313 0811 1924
CB061, 1515 0709 2931 1217 1416 0712 1012 0911 1112 1111 0709 1517 1314 0808 2227
CB063, 1518 0709 3132 1517 1212 1111 0910 1011 1212 1011 0914 1517 1013 0808 1922
CB064, 1516 0609 2930 1415 1619 1111 1112 0812 1113 1012 1112 1616 1113 0911 1921
CB065, 1517 0609 3100 1415 0516 1112 1012 1212 0911 1012 0913 1619 1015 0808 2326
CB066, 1616 0609 2731 1215 1116 1112 0814 0910 1010 1112 0913 1616 1314 0809 2021
CB070, 1415 0607 2930 1516 1015 1112 1213 1012 0912 1112 1010 1620 1313 0809 1922
CB071, 1515 0607 3132 1717 1117 1111 1113 0911 0911 1010 1013 1416 1315 0811 2127
CB072, 1515 0709 3031 1721 1215 0712 0910 1011 0910 1112 1112 1416 1212 1112 1926
CB073, 0000 0000 0000 1721 0000 0000 0000 0000 0000 0000 0000 0000 0000 0000 0000
CB074, 1516 0708 2830 1415 0707 1111 1214 0812 1112 1112 0909 1717 1112 0811 2024
CB075, 1516 0707 2931 1317 1115 1112 1213 1111 0911 1012 1013 1416 1213 0808 2124
CB076, 1517 0607 2929 1717 1214 0712 0909 1111 1212 1011 1414 1616 1313 1112 2226
CB077, 1515 0709 3133 0913 0707 1112 1214 1012 0911 1012 0910 1818 1115 0812 2121
CB078, 1617 0709 3032 1618 1017 1114 0913 1012 0911 1212 0910 1717 1315 0808 2326
CB079, 1516 0609 2930 1418 1213 1113 0912 1111 1111 1012 0910 1414 1015 0809 1823
CB080, 1515 0709 3030 1316 1414 1112 1213 1011 1212 1011 0809 1717 1213 0808 2224
CB081, 1518 0606 3132 1214 1014 0713 0914 1112 1112 1212 1014 1616 1012 0809 2525
CB082, 1418 0909 2932 1120 1219 0712 0913 0808 0911 1013 0910 1819 1213 0808 2127
CB083, 1518 0909 2931 1414 1010 0909 0914 1013 1112 1010 1011 1414 1015 0811 2626
CB084, 1616 0709 2931 1314 1215 1213 0809 1112 0912 1011 1012 1616 1114 0808 2526
CB085, 1516 0909 2930 1419 0708 1112 0912 1112 1213 1213 1115 1718 1115 1112 2022
CB086, 1516 0607 3132 1213 1317 1112 0914 1012 1111 1010 1010 1818 1314 0811 2425
CB087, 1617 0709 3032 1818 1017 1114 0913 1012 0909 1212 0910 1717 1315 0808 2326
CB088, 1415 0707 3000 1517 1215 1111 1111 1112 1213 1112 1314 1317 1316 0811 2127
CB089, 1516 0707 3132 1215 1018 1111 0910 0810 0913 1113 0910 1718 1015 0911 2125
CB090, 1516 0808 3032 1516 1214 1112 1114 1012 1112 1212 1011 1617 1213 0812 1924
CB091, 1717 0609 2929 1215 1023 1212 0912 0911 0911 0911 0912 1719 1414 0808 2325
CB092, 1516 0909 0033 1416 1518 1111 0912 1212 1012 1212 1213 1618 1315 0811 2225
CB093, 1415 0709 3030 1313 1212 1212 1011 1012 1112 1010 1313 1616 1414 1112 2222
CB094, 1415 0707 3132 1014 0714 1112 1214 0811 1111 1112 1013 1617 1415 0811 2025
CB095, 1518 0607 2829 1418 0710 0709 0910 0911 1111 1212 1013 1617 1215 1111 2100
CB096, 1515 0607 3030 1721 1515 1112 1011 1112 1214 0712 1010 1618 1014 1111 2222
CB097, 1415 0609 2830 1518 1115 0711 0912 1111 1212 1112 0910 1417 1313 0808 2627
CB098, 1517 0606 3032 1314 1517 1212 1012 0809 1112 1113 1013 1518 1213 0911 2223
CB100, 1717 0709 3232 1318 1719 1111 0911 1011 0910 1111 0911 1416 1315 0811 2425
CB101, 1518 0709 3031 1115 0521 1011 1012 1011 1111 1012 1012 1717 1314 0812 1922
CB104, 1516 0909 3032 1718 1017 0914 1113 1212 1010 1012 0910 1819 1013 0811 2025
CB105, 1516 0809 3031 1214 1521 0912 0913 1011 0911 1010 1214 1414 1414 0708 2227
CB106, 1617 0609 3032 1315 1113 1113 0810 0812 1213 0910 0912 1618 1215 0811 2526
CB107, 1516 0909 3032 1516 1213 1113 0912 1010 1213 0912 0912 1616 1213 0809 2525
CB108, 1516 0607 3030 1217 0714 1112 0809 1011 1111 1112 1014 1617 1215 0911 1924
CB109, 1418 0607 2833 1316 1214 1111 0913 1112 1011 1212 1012 1519 1315 0810 2325
CB110, 1516 0609 2831 1315 0712 1111 1011 0811 1213 0911 0911 1619 1116 0808 2326
CB111, 1516 0609 3030 1416 0716 1111 1212 1111 1011 1111 1010 1617 1414 0911 2325
CB112, 1518 0607 2730 1217 1519 0911 0810 0811 0911 1011 0910 1717 1415 0811 2125
CB115, 1415 0606 3100 1719 0708 1113 1111 1212 1014 1013 1010 1616 1315 0812 1925
CB116, 1515 0909 2933 1416 1314 1012 0913 1213 1011 1112 0910 1416 1213 0808 2325
CB118, 1516 0709 2931 1316 0515 1112 1111 1010 1112 1112 1213 1818 1213 0812 1920
CB119, 1415 0607 3131 1719 0811 1113 1111 1212 1012 1213 1010 1616 1315 1212 2525
CB123, 1414 0709 3032 1515 1515 0909 0909 1111 0909 1111 1214 1617 1315 0808 2324
CB124, 1516 0709 2931 1217 1216 0711 0812 1111 1213 1011 1214 1718 1314 1111 1920
CB126, 1516 0709 2730 1518 1518 1112 0911 1112 1214 1213 0911 1416 1313 1111 2425
CB130, 1515 0607 2731 2020 1317 1212 0915 1011 1112 1111 0911 1819 1212 1111 1925
CB133, 1516 0809 2830 1414 0612 1113 1314 1111 1011 1010 1313 1617 1014 0811 1822
CB134, 1515 0609 3030 1214 0713 1111 0811 0710 1011 1212 1010 1516 1415 0811 2424
CB135, 1818 0607 2931 1314 0707 1111 1014 1012 1113 1112 1013 1617 1115 0808 2121
CB136, 1518 0709 2730 1217 1214 1212 0910 1012 0912 1013 1112 1717 1313 0808 1822
CB137, 1417 0609 2731 1618 0712 0812 0812 1011 1212 1011 1214 1617 1212 0812 2323
CB138, 1518 0709 2730 1217 1214 1213 0910 1012 0912 1013 1112 1717 1313 0808 1822
CB139, 1515 0609 2731 1316 0715 1112 1114 1011 1111 1113 1111 1618 1215 0808 2124
CB141, 1516 0909 2930 1215 0712 1113 0911 0811 1112 1011 1012 1718 1313 0808 2023
CB143, 1516 0607 3031 1214 1215 1112 0914 1112 1112 1313 0912 1517 1415 1112 2325
CB144, 1617 0709 3032 1215 1419 0711 0911 1010 1213 1011 1213 1617 1314 0911 2223
CB145, 1616 0606 2930 1717 0712 0711 1011 1113 0912 1010 0912 1618 1516 0810 2125
CB146, 1516 0709 2830 1322 1220 1112 1213 1112 0911 1212 1213 1819 1316 0811 1925
CB147, 1416 0609 3032 1415 1212 0710 1214 0809 1112 1012 1213 1617 1415 0809 2023
CB148, 1415 0608 2929 1314 1218 0911 1215 0912 1113 1011 0909 1618 1114 0811 2526
CB149, 1417 0709 2828 1415 0519 0710 0912 1011 1112 1111 1012 1618 1315 0811 2525
CB153, 1516 0709 3031 1718 0707 1111 1313 1012 0911 0911 0910 1617 1111 0808 2200
CB155, 1515 0709 2733 1317 0715 1212 0811 1011 1111 1111 1113 1619 1215 0811 2121
CB158, 1417 0607 2830 1516 1515 1111 1114 1111 1011 1113 0910 1515 0911 0911 2424
CB163, 1516 0609 2931 1717 1114 1112 0811 1011 0912 1112 1011 1616 1314 0911 2424
CB165, 1516 0607 3032 1314 1417 1112 1213 1012 1213 1212 0912 1617 1313 0812 2223
CB167, 1517 0909 2932 1216 0723 1111 1212 1011 1213 1112 1111 1618 1213 0808 2122
CB168, 1516 0709 3030 1322 1212 1113 1213 1112 0911 1212 0913 1416 1316 0811 1925
CB169, 1417 0608 2930 1116 1116 1213 1214 1113 1111 1011 1214 1717 1314 0811 2125
CB171, 1516 0609 3133 1317 0918 0711 1114 0708 1212 1015 1212 1616 0813 0808 2425
CB173, 1516 0708 2930 1214 1415 1111 1012 1112 1112 1013 1113 1618 1314 0809 2226
CB175, 1415 0607 3032 1418 1416 1111 1111 0811 1212 1010 1212 1818 1314 1112 2224
CB177, 1518 0609 2931 1519 1014 1111 1214 1113 1111 1212 0915 1818 1315 0810 1919
CB179, 1618 0909 2930 1415 1414 0711 1114 1011 1112 1012 1015 1818 1113 0808 1919
CB181, 1516 0709 2933 1214 0718 0712 1111 1112 0912 1112 1212 1617 1314 0808 2327
CB185, 1516 0709 3032 1314 1112 1112 1214 1012 0913 1112 1010 1417 1313 0808 2126
pop
CL003, 1517 0707 3232 1314 1118 1113 1112 0911 0000 1212 1213 1617 1313 1111 2125
CL004, 1516 0707 3030 1517 1112 1111 1213 1011 0909 0912 0909 1617 1215 0808 2325
CL005, 1516 0609 2833 1617 1213 0712 1113 1011 0912 1010 1011 1517 1313 0808 2323
CL006, 1516 0709 2830 1414 1213 1111 0910 0809 0910 1212 1013 1717 1111 0812 2124
CL007, 1417 0809 2933 1416 1518 1112 0912 1212 0912 1111 0910 1417 1315 0811 0024
CL008, 1617 0607 2932 1214 1518 1011 1213 1113 1011 1012 1013 1517 1314 0811 1922
CL009, 1516 0606 2932 1114 1416 1111 1113 0811 0911 1111 1012 1617 1215 0808 2225
CL010, 1515 0609 2932 1214 1316 1111 1213 1111 1111 1011 1012 1719 1515 0811 2225
CL011, 1415 0809 2930 1415 1215 1112 1111 1011 1114 1112 1011 1717 1014 1111 1920
CL012, 1415 0909 3032 1218 1316 1112 1213 1111 1112 1011 0910 1617 1415 0808 2325
CL013, 1416 0709 2930 1414 1216 1111 1011 0912 0910 1111 1012 1719 1114 0812 2121
CL014, 1516 0709 3131 1415 1213 1011 1212 0911 0911 0911 1014 1516 1313 0808 2021
CL017, 1516 0709 3031 1213 1315 1011 1214 0812 1212 1112 1212 1618 1414 0808 2223
CL018, 1618 0707 2828 1220 1115 1012 1012 0912 1012 1213 0909 1619 1315 0808 2426
CL019, 1516 0909 3032 1314 1113 1011 1213 1213 1212 1112 1012 1517 1414 0811 1922
CL020, 1515 0607 2933 1414 1516 1112 0912 1112 1011 1011 1112 1719 1415 0811 2225
CL021, 1616 0709 3131 1215 1222 0713 0912 1010 0912 1111 1112 1717 1315 0808 2123
CL022, 1516 0707 2830 1721 1214 1112 1012 0910 0911 1112 0910 1618 1115 0911 2224
CL023, 1616 0909 3031 1214 0522 0711 1212 0810 0909 1011 1012 1717 1315 0808 2125
CL024, 1616 0709 3131 1214 1222 1112 1212 0811 0912 1011 1010 1717 1315 0808 2325
CL025, 1515 0708 3030 1718 1315 1111 1313 0810 0909 1213 0914 1617 1214 1012 1921
CL027, 1516 0709 3030 1217 1217 1010 0913 1012 1013 1414 1014 1417 1213 0811 2226
CL028, 1516 0809 2733 1314 1117 1112 0912 1213 1113 1112 1213 1718 1115 0810 2425
CL029, 1418 0909 3131 1420 1418 1213 0812 1111 1113 1112 0912 1717 1314 0811 2526
CL030, 1517 0606 2833 1616 1217 0913 1113 1012 1212 1111 1114 1617 1012 0811 2022
CL032, 1415 0609 3232 1314 0713 1112 1213 1111 1111 1011 1213 1717 1515 0811 2527
CL033, 1516 0709 2931 1821 0712 1212 0912 1011 1112 1111 0712 1616 1316 0811 2100
CLS40, 1718 0909 2931 1516 1118 1111 1212 0711 1112 1010 0910 1417 1013 0809 2125
CR001, 1516 0607 2930 1416 0717 0711 1012 0912 0912 1012 1011 1719 1416 0812 2122
CR004, 1515 0607 2831 1417 1117 1111 1012 0811 1013 1213 0913 1415 1213 0911 1919
CR005, 1515 0606 3233 1314 1015 0812 1112 1112 0910 1113 1011 1415 1313 0808 2200
CR006, 1417 0608 3031 1415 1219 1111 1212 1112 1113 0911 0911 1718 1314 0811 1923
CR007, 1417 0609 3033 1515 1116 1212 0810 1112 1112 1111 0911 1417 1415 0811 2326
CR008, 1418 0606 2931 1215 1517 1212 1113 0811 1212 1010 1013 1718 1314 1111 2225
CR009, 1415 0909 3031 1516 1215 1012 0909 1012 1112 1010 1012 1617 1415 0811 2226
CR010, 1518 0607 2829 1516 1118 1112 1011 1010 1012 0913 1013 1618 1011 0811 1925
CR011, 1516 0609 3131 1220 1618 1112 1012 1011 1111 1112 1012 1718 1013 0809 2125
CR012, 1515 0909 3131 1620 1418 0712 1012 1111 1011 1112 1014 1517 1315 0911 2525
CR013, 1518 0909 3033 1417 1010 0711 1212 1112 1112 1010 0912 1717 1314 0812 1923
CR014, 1516 0606 2829 1221 1520 1113 1214 1011 1213 1010 1012 1617 1011 0808 2124
CR015, 1515 0909 2930 1414 1120 0910 1212 1012 0913 1112 1112 1617 1314 1011 2525
pop
ES001, 1518 0709 2829 1516 1117 1112 1112 1012 1111 1013 1011 1618 1213 0811 2425
ES002, 1516 0609 2930 1217 1520 1012 1213 0810 0912 1112 0713 1718 1516 0810 2526
ES003, 1415 0707 3031 1214 0712 1111 0809 1112 0912 1112 1212 1717 1213 0809 1921
ES004, 1515 0709 2830 1216 1219 1111 0810 1011 1010 1012 1012 1416 1214 0808 2527
ES005, 1517 0709 2830 1620 0514 1112 0912 1012 0913 1112 1013 1718 1114 0810 2324
ES006, 1515 0909 3233 1616 1319 1111 1012 1012 1212 1012 1012 1616 1314 0812 2526
ES007, 1415 0709 2830 1221 1415 0711 1012 1011 0911 1212 1315 1618 1114 0809 2122
ES008, 1718 0607 2828 1416 0511 1112 0813 1111 0912 1010 1010 1718 1313 1111 2324
ES009, 1517 0708 2829 1417 0710 0711 0911 0811 0912 1112 0912 1616 1316 0808 2425
ES010, 1617 0707 3132 1718 0814 1112 0913 1012 1112 1113 0909 1417 1315 0811 2324
ES011, 1515 0909 3032 1317 1217 1112 0811 0811 0909 1012 1013 1717 1112 0808 2122
ES012, 1516 0707 2931 1014 1317 1111 1013 1112 0910 1112 0913 1616 1315 0808 2121
ES013, 1416 0608 3232 1418 0514 1212 1114 1012 0811 1011 1013 1618 1215 0808 2326
ES014, 1518 0707 2929 1213 1012 0911 1313 1011 1113 1010 0913 1517 1315 0811 2426
ES015, 1616 0709 2929 1617 1618 1111 0909 1111 1113 1012 0911 1617 1213 0912 1923
pop
GG001, 1416 0709 2829 1414 1012 1111 0911 1111 1112 1113 1213 1617 1216 0808 2025
GG003, 1515 0607 2731 1415 1114 1213 1212 1111 1113 1010 0812 1718 1314 1111 2426
GG004, 1415 0606 3131 1417 1215 1212 1111 0810 0911 1212 1213 1616 1013 1112 0000
GG005, 1516 0709 2829 1414 1014 1111 0911 1010 1113 1112 1212 1617 1015 0809 2526
GG007, 1616 0000 2829 1218 1219 1112 1011 1112 0912 1112 0913 1617 1216 0811 2025
pop
HT001, 1517 0709 3030 1820 0713 0713 0909 1010 0913 1012 0809 1617 1214 0811 2222
HT003, 1517 0607 2932 1521 1318 1212 0911 0810 1011 1112 0912 1717 1314 1112 1921
HT004, 1516 0609 2930 1516 1313 1313 0811 1111 0912 1212 1010 1616 1315 0912 2022
HT006, 1616 0707 3133 1516 0707 1212 1213 0811 1213 1212 0712 1717 1212 0808 2125
HT007, 1517 0607 3030 1718 1119 1112 0912 1113 0910 1212 1011 1416 1315 0910 2225
HT008, 1516 0607 2932 1217 1517 1113 0809 1012 0910 1012 1214 1619 1213 0808 2124
HT011, 1515 0609 3032 1313 1415 1212 0912 0811 0911 1112 0911 1617 1315 0812 2226
HT013, 1415 0910 3030 2020 1518 1111 0000 1111 1013 0909 0913 1617 1314 0811 2424
HT015, 1518 0707 3233 1216 1515 1112 1214 1010 1012 1112 1213 1618 1315 0808 2325
HT016, 1516 0709 3030 1317 1213 1113 0912 1012 0913 1212 1011 1617 1315 0809 2124
HT017, 1515 0607 3032 1417 0712 1112 1212 1112 1012 1012 1111 1519 1215 0911 1929
HT020, 1516 0909 3031 1420 1015 0713 0912 1112 0911 1011 1213 1618 1215 0809 2224
HT026, 1818 0909 3233 1318 0710 1112 0911 1010 0911 1111 1212 1417 1012 0911 2121
HT029, 1618 0809 2930 1417 1012 1213 1113 1212 1213 1111 1010 1717 1213 0812 0000
HT030, 1718 0707 3030 1417 1515 1012 1012 0912 1112 1011 1011 1619 1313 0811 2224
HT034, 1516 0608 2930 1215 1213 1113 0912 1011 0911 0910 0910 1719 1414 0811 2526
HT035, 1617 0606 3030 1315 1013 0911 0911 1011 0813 1011 1010 1619 1215 0808 2022
HT036, 1515 0709 3031 1718 1011 1111 1112 0812 1112 1111 1012 1616 1114 0809 2025
HT037, 1617 0608 2830 1216 1212 1112 1112 0811 1114 1012 1212 1617 1414 0808 2326
HT038, 1517 0608 2930 1216 1018 1113 0913 1011 0909 1012 1212 1418 1313 0811 2024
HT039, 1617 0707 3033 1316 0718 1112 0912 1111 1012 1012 1010 1617 1113 0808 0027
HT040, 1616 0607 3233 1515 1112 1112 1214 1012 1212 1012 1011 1616 1313 0808 1926
HT042, 1618 0607 2932 1718 1112 0911 0914 0912 0911 1010 1112 1718 1113 0811 2525
pop
LG001, 1515 0709 2832 1317 1214 1112 0911 1212 0910 1010 1013 1616 1214 0812 2127
LG002, 1515 0709 2830 1216 1219 1111 0810 1011 1010 1012 1012 1416 1214 0808 2527
LG003, 1516 0909 3030 1315 1016 1011 0911 1011 1111 0910 1113 1616 1214 0808 2224
LG004, 1517 0708 2829 1417 0710 0711 0911 0811 0912 1112 0912 1616 1316 0808 2425
LG006, 1618 0609 3030 1419 1217 1112 1112 1012 1112 1012 0913 1617 1314 0811 2427
LG007, 1617 0707 3132 1718 0814 1112 0913 1012 1112 1113 0909 1417 1315 0811 2324
LG008, 1618 0609 3131 1317 1315 1112 1314 1011 1212 1112 1011 1416 1313 0811 2627
LG009, 1518 0909 3031 1315 1221 1111 0911 1111 0911 1012 1113 1516 1215 0812 2127
LG010, 1518 0709 3131 1415 1320 0911 0914 0812 0912 1213 1011 1616 1316 1111 2527
LG011, 1518 0609 2929 1214 0512 1112 0811 1011 1013 1112 0910 1517 1316 0808 2227
LG013, 1515 0709 3032 1315 1214 1112 1012 1112 1213 1111 1011 1719 1112 0808 2229
LG015, 1515 0607 2830 1313 1515 1313 1112 1112 1112 1010 1012 1617 1213 0809 2328
LG017, 1616 0707 3232 1415 1221 1112 1010 0910 0911 1012 0913 1718 1414 1112 2427
LG018, 1515 0606 3030 1314 1219 1111 0911 1111 1212 1212 1010 1518 1414 0909 1919
LG019, 1617 0707 2731 1217 1619 1111 0909 1213 1213 0000 1012 1619 1215 1112 2528
LG020, 1718 0709 3132 1214 1219 1111 0909 1113 1213 1012 1012 1616 1214 0811 1922
LG021, 1416 0909 2832 1718 0718 0712 1212 1011 0913 1112 1112 1616 1113 0811 2125
LG022, 1417 0909 2830 1217 1417 1112 1213 1013 1011 0912 0912 1616 1415 0808 2525
LG023, 1516 0607 2831 1213 1112 1113 0913 1212 1112 1013 1111 1617 1415 1112 2526
LG024, 1515 1006 3230 1512 1205 1211 0909 1110 1009 1211 1407 1715 1513 1108 2524
LG025, 1515 0606 2931 0915 0521 1013 0912 0808 0912 1112 0911 1617 1213 1011 2425
LG026, 1617 0709 3030 1314 1017 0912 1013 0912 1113 1112 0911 1717 1314 0809 2224
LG028, 1416 0709 2830 1314 1117 1212 1314 0712 1112 1213 1213 1617 1213 0812 2124
LG029, 1415 0909 2300 1215 1212 1213 1113 0910 1213 1010 1010 1617 1314 0808 2024
LG031, 1216 0607 3233 1617 1315 1212 1113 1013 1113 1112 0912 1618 1214 0911 1922
LG032, 1415 0708 2931 1219 1112 1111 0914 1112 0912 1112 0911 1418 1315 0811 1924
LG033, 1515 0609 2930 1214 1214 1112 1112 1111 0813 1213 1011 1618 1414 0808 2427
LG034, 1415 0608 2832 1821 1617 1111 1012 0911 0913 1112 1011 1416 1013 1011 1925
LG035, 1516 0609 2930 1421 0910 1111 0912 1011 1112 1011 1011 1517 1315 0811 1719
LG036, 1516 0607 2930 1517 1215 1111 0913 1010 0911 1212 1213 1717 1215 0811 2125
LG037, 1516 0707 3030 1515 1219 1112 0911 1011 0913 1012 1113 1517 1315 0811 2225
LG038, 1515 0709 2829 1315 1220 1113 1014 0811 1213 1112 1011 1618 1213 0812 2225
LG039, 1617 0609 3032 1315 1121 1112 0811 0711 0913 1114 1013 1618 1314 0811 2126
LG039b, 1516 0707 2930 1415 1519 1112 1113 1011 1011 1012 1112 1718 1516 0811 2122
LG040, 1518 0609 2931 1213 0712 1112 1114 1014 1112 1112 0712 1617 1315 0912 1927
LG041, 1516 0608 3000 1720 1220 1111 0911 1213 1112 1212 1011 1619 1414 1111 1926
LG042, 1416 0609 2731 1516 0507 0711 1214 1012 1212 1113 0913 1418 1313 0811 1924
LG043, 1515 0707 3030 1415 1919 1112 0911 1111 1013 1012 0911 1518 1316 1111 2122
LG044, 1516 0609 3132 1518 1112 1213 1313 0711 0909 1010 1112 1616 1112 1111 1925
LG045, 1515 0607 2830 1213 1419 1112 0909 1112 1313 1012 1112 1618 1214 0808 2325
LG046, 1518 0709 3032 1217 1219 1112 0911 1212 0913 1010 1012 1416 1314 0812 2425
LG047, 1517 0606 2931 1314 0712 1112 0809 1010 1013 0911 0913 1418 1415 0812 1724
LG048, 1616 0607 2932 1215 0511 1113 1213 1111 0910 1012 1011 1616 1112 0911 2425
LG049, 1415 0910 2830 1719 0512 1112 1113 1012 0912 1010 1010 1617 1111 0811 2525
LG050, 1516 0707 3131 1919 1418 0711 1012 0911 1112 1012 0912 1516 1214 0808 1928
LG051, 1617 0609 2929 1418 0812 1113 1212 1111 1012 1013 1011 1515 1111 1012 2529
LG052, 1616 0709 2933 1417 1215 1113 0912 1111 0912 1113 1011 1418 1416 0812 2425
LG053, 1415 0606 2930 1316 1212 1112 1212 1011 1212 1012 1012 1517 1215 0808 2727
LG054, 1616 0909 2930 1314 1012 1214 0811 1012 0811 1212 1213 1618 1314 0811 2125
LG055, 1518 0709 3030 1316 0814 1112 0811 1212 0910 1010 1013 1416 1213 0812 2127
LG056, 1519 0909 3033 1115 1220 1012 0813 1111 1013 1011 1010 1617 1315 0811 2123
LG057, 1518 0709 2932 1314 1013 1113 1112 0910 1113 1013 0809 1718 1215 0812 2024
LG058, 1515 0607 3030 1416 1214 1111 1212 1112 1212 1112 0910 1516 1212 0812 2027
LG059, 1616 0609 3131 1517 1213 1112 1414 1112 1011 1111 0910 1416 1314 0811 2626
LG060, 1617 0608 3031 1516 1318 1011 0911 1012 1012 1012 1112 1516 1315 1112 2226
LG061, 1516 0607 2931 1617 0712 1212 1112 1011 1212 1011 0912 1719 1212 0811 2427
LG062, 1518 0709 2931 1316 1214 1313 1114 1111 0912 0911 0910 1719 1214 0812 2325
pop
MP001, 1516 0909 3031 1414 1417 0912 1012 1011 0913 1111 1012 1419 1213 0812 1926
MP002, 1515 0000 0000 0000 0000 0000 0000 0000 0000 0000 0000 0000 0000 0000 0000
MP003, 1416 0707 3030 1315 1014 1111 0810 1112 0911 1112 1010 1616 1214 1112 2124
MP004, 1516 0609 2830 1414 2121 1113 1114 1113 1012 1011 0912 1616 1315 0708 2326
MP006, 1516 0610 3232 1919 1922 1113 0814 0910 1112 1112 1010 1418 1314 1111 2124
MP007, 1516 0909 2929 1517 1213 1111 0909 1212 0910 1111 1313 1617 1213 0811 1923
MP008, 1618 0909 2930 1314 1415 1111 1012 1011 1112 1011 0810 1618 1414 0808 2023
MP009, 1516 0909 2930 1616 1720 1111 0912 1011 1011 1012 1113 1718 1315 0811 2122
MP010, 1516 0709 2932 1617 1319 1111 0911 1012 1012 1011 1113 1516 1216 0812 1922
MP012, 1515 0609 2830 1418 0817 0913 0909 1010 1112 1011 1111 1618 1416 0911 2123
MP013, 1515 0608 3100 1317 1314 1111 0813 1212 1113 1012 0911 1617 1314 1111 2024
MP015, 1516 0607 2931 1316 1313 0711 1012 1010 0912 1213 0707 1718 1315 0808 2427
MP016, 1518 0909 2830 1418 1717 0911 1013 1011 0912 1012 0911 1717 1314 0808 2121
MP017, 1517 0708 2830 1717 1213 1213 1212 1111 0913 1012 0913 1618 1213 0808 2324
MP018, 1516 0709 3031 1617 0712 0712 1012 0812 1113 1212 1012 1619 1316 0808 2227
MP019, 1515 0709 2929 1317 1212 1112 1011 1011 1112 1012 1113 1616 1114 0811 2021
MP020, 1516 0607 3000 1417 1919 0711 0912 1012 1212 1112 1114 1617 1215 0812 2023
MP021, 1516 0707 3131 1215 1212 1112 1212 1011 0909 1112 1010 1718 1515 0811 2125
MP023, 1516 0709 3030 1214 1117 0912 1013 0910 0913 1011 0712 1717 1314 0811 1927
MP024, 1516 0709 3132 1717 1017 1112 1112 1011 1112 1011 1011 1617 1313 0808 2525
MP026, 1515 0809 2833 0915 1318 0713 0909 0910 1012 1012 1113 1617 1316 0808 1923
MP027, 1819 0607 3030 1417 1213 1213 0911 1012 0912 1010 0909 1618 1214 1111 2021
MP029, 1515 0609 3132 1516 1517 1213 0911 0711 0911 1112 0911 1617 1213 0808 1900
MP030, 1515 0709 3132 1213 0707 1111 0915 1012 1111 1212 1114 1616 1313 0808 2127
MP031, 1616 0909 3132 1416 1520 1212 1114 0913 1112 1011 0912 1617 1315 0811 2025
MP032, 1515 0607 3333 1515 1216 0911 1112 1010 1112 1111 1013 1616 1013 1112 2324
MP033, 1516 0607 2933 1315 1218 0911 0812 1011 1012 1111 1013 1616 1313 0812 2324
MP034, 1616 0709 2832 1919 1520 0712 0912 1112 1012 1212 1213 1618 1212 0811 2125
MP035, 1616 0609 3132 1818 0513 1213 1114 1113 1313 0000 0000 1516 1010 0808 2626
MP036, 1616 0709 3131 1414 1616 1113 1112 1112 1212 1010 1111 1516 1212 0810 2627
MP038, 1516 0607 3031 1415 0507 1213 0813 1212 0910 1212 1213 1517 1215 0811 2526
MP040, 1515 0708 2931 1214 1321 1111 1111 0811 1212 1011 1114 1616 1314 0911 1919
pop
VP001, 1516 0609 3031 1414 1820 0809 0912 1212 1212 1012 0909 1516 1013 0811 2021
VP005, 1418 0710 2931 1114 1010 1112 0811 1112 0912 1213 1012 1617 1215 0808 2425
VP006, 1516 0707 2931 1414 0710 0711 1111 1011 0912 1012 0914 1516 1012 0811 2226
VP007, 1616 0609 3133 1617 1521 1112 1014 1212 1111 1012 1011 1620 1015 0812 2326

