ind	pop	D3S1358	D3S1358 	TH01	TH01 	D21S11	D21S11 	D18S51	D18S51 	Penta_E	Penta_E 	D5S818	D5S818 	D13S317	D13S317 	D7S820	D7S820 	D16S539	D16S539 	CSF1PO	CSF1PO 	Penta_D	Penta_D 	vWA	vWA 	D8S1179	D8S1179 	TPOX	TPOX 	FGA	FGA 
DV001	EL_DIVISADERO	16	16	7	9	30	32	17	17	13	14	12	12	9	13	11	12	12	12	11	11	9	10	16	16	10	13	10	11	24	25
DV002	EL_DIVISADERO	14	16	9	9	29	32	14	16	15	15	7	11	9	12	11	11	11	12	10	12	9	12	16	18	14	15	8	11	21	25
DV003	EL_DIVISADERO	15	16	6	9	29	32	14	16	13	15	11	11	8	12	11	14	9	12	11	12	9	12	17	18	14	15	8	11	19	21
DV004	EL_DIVISADERO	15	18	9	9	30	33	17	19	15	15	7	7	11	13	8	11	10	12	11	13	9	9	17	18	12	15	8	11	21	25
DV005	EL_DIVISADERO	14	15	7	7	29	32	15	15	17	17	9	10	12	12	8	11	12	13	10	12	2	10	16	17	14	14	8	8	21	23
DV006	EL_DIVISADERO	15	16	9	9	29	33	12	14	8	10	11	12	9	13	11	13	12	12	10	11	9	13	15	16	10	13	8	11	24	25
DV007	EL_DIVISADERO	16	16	7	9	30	32	12	14	7	12	11	13	8	9	11	12	9	10	11	12	9	9	16	17	12	14	8	8	21	21
EA001	EL_ALTAR	16	17	7	9	25	29	14	16	5	8	11	11	9	12	7	11	9	10	10	11	9	14	17	18	13	15	8	8	20	22
EA002	EL_ALTAR	16	16	6	7	31	32	14	16	19	19	11	11	8	11	11	12	11	12	12	12	14	14	16	19	12	12	8	8	23	26
EA003	EL_ALTAR	15	15	6	7	30	32	15	16	7	12	11	13	9	9	9	12	11	13	10	11	10	11	16	17	10	12	8	11	19	25
EA004	EL_ALTAR	17	17	7	7	28	32	0	0	0	0	11	12	9	10	11	12	9	12	0	0	12	12	18	18	10	15	8	11	22	22
EA005	EL_ALTAR	16	17	7	7	29	30	16	16	11	12	13	13	11	13	11	11	10	10	10	12	12	12	17	17	14	15	9	11	21	23
EA006	EL_ALTAR	16	16	6	7	28	28	0	0	7	9	11	12	11	11	11	11	12	12	11	11	12	13	15	16	12	12	11	11	25	27
EA007	EL_ALTAR	14	16	7	9	25	32	0	0	12	12	12	12	9	14	11	12	11	12	10	12	10	10	16	17	11	12	10	11	20	25
EA008	EL_ALTAR	16	16	6	7	28	32	15	15	7	14	12	12	9	11	11	13	12	12	11	12	11	13	15	15	10	12	8	11	22	27
EA009	EL_ALTAR	14	16	7	8	27	30	13	17	13	14	11	13	12	12	10	11	9	9	12	13	11	12	16	16	13	15	8	8	19	21
EA010	EL_ALTAR	15	16	7	9	28	32	0	0	11	16	11	12	9	11	11	12	10	11	0	0	10	11	15	18	14	15	8	12	18	24
EA011	EL_ALTAR	15	15	6	9	31	32	14	16	17	19	7	12	8	10	10	12	9	11	10	12	11	12	16	16	11	12	8	11	21	25
EA012	EL_ALTAR	16	17	7	9	29	30	14	16	13	14	9	12	11	12	11	13	11	13	11	13	7	15	18	19	12	14	8	8	22	22
MQ001	MANQUEHUA	15	16	7	7	30	32	12	17	10	16	10	11	9	9	11	11	9	12	11	12	10	11	17	20	12	12	8	11	21	21
MQ002	MANQUEHUA	15	16	6	7	31	33	15	24	17	19	11	12	9	11	10	12	11	11	9	12	9	10	17	17	13	14	9	12	19	24
MQ003	MANQUEHUA	16	16	7	7	29	30	14	14	12	20	12	13	9	14	8	12	10	11	11	12	11	12	16	16	13	14	8	11	22	23
MQ004	MANQUEHUA	15	16	6	6	30	32	12	14	11	12	13	13	9	12	8	12	9	12	11	12	11	12	16	19	14	16	8	8	20	20
MQ005	MANQUEHUA	15	15	7	9	30	30	16	18	5	12	11	13	10	10	11	14	9	12	9	12	9	13	15	16	14	15	8	11	21	26
MQ006	MANQUEHUA	16	16	6	7	30	31	12	13	11	12	7	7	8	11	11	12	12	13	11	11	9	11	17	18	10	15	8	12	19	24
MQ007	MANQUEHUA	16	17	7	9	32	32	14	16	15	15	13	13	12	13	11	12	10	14	11	13	9	9	15	16	13	14	8	11	19	21
MQ008	MANQUEHUA	15	16	9	9	28	29	14	16	12	12	11	13	12	13	9	11	10	11	11	12	9	11	15	18	14	15	8	11	20	23
MQ009	MANQUEHUA	15	16	7	9	30	31	13	14	9	16	9	11	12	12	11	11	9	10	12	12	9	11	15	17	11	14	9	11	25	25
MQ010	MANQUEHUA	15	17	6	7	30	30	18	21	12	15	12	12	10	11	10	12	11	11	10	11	10	10	16	16	14	15	8	8	24	26
MQ011	MANQUEHUA	15	15	7	9	31	31	13	14	11	13	11	11	11	11	11	12	11	11	10	12	9	10	18	18	12	12	11	11	24	25
MQ012	MANQUEHUA	15	16	7	9	28	32	17	17	13	14	12	12	10	12	8	13	10	11	11	13	9	12	16	17	11	14	8	11	19	25
MQ013	MANQUEHUA	16	17	9	9	30	32	12	14	15	15	7	11	11	11	10	12	9	10	12	12	10	11	15	16	12	13	12	12	21	23
MQ014	MANQUEHUA	14	16	7	9	31	33	12	17	11	15	10	11	9	10	10	10	10	11	10	10	12	13	18	18	14	15	11	13	26	28
MQ015	MANQUEHUA	17	17	7	8	28	29	13	16	7	7	10	12	9	11	11	12	12	12	9	12	10	11	15	16	13	13	10	11	20	22
MQ016	MANQUEHUA	15	16	6	9	29	31	12	13	12	15	11	12	8	13	7	11	11	13	9	10	12	12	18	19	8	13	11	11	20	26
MQ017	MANQUEHUA	14	15	9	10	28	30	14	14	13	14	11	11	9	14	11	11	12	12	10	12	9	13	15	16	13	14	8	12	20	25
MQ018	MANQUEHUA	15	16	7	9	28	29	0	0	11	12	7	13	11	11	9	10	9	12	0	0	10	11	16	17	14	14	11	11	19	21
MQ019	MANQUEHUA	15	16	6	7	29	32	14	15	12	20	11	11	11	13	10	10	10	10	11	12	9	12	16	18	13	14	11	12	20	25
MQ020	MANQUEHUA	15	16	6	7	28	30	14	16	0	0	11	13	8	14	12	12	9	9	10	11	10	10	16	18	14	14	8	11	23	25
MQ021	MANQUEHUA	15	16	6	9	28	30	0	0	0	0	11	11	9	12	10	12	10	12	0	0	9	10	17	19	13	15	8	12	24	26
MQ022	MANQUEHUA	15	18	6	6	32	32	14	17	12	16	9	10	9	10	10	11	11	12	10	12	9	13	16	18	12	14	8	9	23	28
PQ001	PUNITAQUI	14	17	9	9	29	33	0	0	16	19	11	13	8	12	9	11	12	12	0	0	10	12	16	16	14	14	8	8	24	25
PQ002	PUNITAQUI	15	18	6	9	29	32	15	16	11	15	12	12	9	14	10	11	9	10	10	12	12	12	17	19	10	12	8	11	21	22
PQ003	PUNITAQUI	14	17	6	9	31	32	18	19	7	17	11	12	9	11	10	10	11	12	11	12	10	13	14	17	12	13	10	11	19	23
PQ004	PUNITAQUI	15	18	6	7	28	29	14	14	12	14	11	11	9	14	11	11	12	12	9	10	9	13	15	16	13	14	8	12	20	27
PQ005	PUNITAQUI	15	18	9	9	31	32	13	14	12	18	7	12	8	14	12	12	11	13	10	12	11	13	17	17	13	16	8	8	21	23
PQ006	PUNITAQUI	15	18	6	9	30	33	14	15	12	15	12	13	8	11	10	12	10	11	9	10	10	10	15	16	10	14	8	12	25	26
PQ007	PUNITAQUI	15	17	6	9	30	33	0	0	16	18	10	13	9	14	11	12	9	10	0	0	10	10	17	17	11	13	8	8	21	24
PQ008	PUNITAQUI	15	16	7	8	28	30	0	0	7	11	11	12	9	9	9	12	11	13	11	12	9	9	16	18	13	14	10	12	19	24
PQ009	PUNITAQUI	16	17	8	8	29	32	15	15	10	12	11	12	8	12	9	10	9	12	9	10	10	13	15	17	10	11	11	11	22	26
PQ010	PUNITAQUI	14	15	6	10	28	32	14	14	12	15	11	11	12	13	11	11	12	12	10	12	9	12	17	17	14	14	9	11	0	0
PQ011	PUNITAQUI	16	16	6	7	30	32	12	14	7	19	7	13	9	12	8	11	9	11	10	10	11	14	15	16	11	12	8	8	25	25
PQ012	PUNITAQUI	15	18	6	6	30	30	0	0	0	0	12	12	9	11	10	12	11	12	0	0	9	12	17	17	13	13	8	11	17	22
PQ013	PUNITAQUI	15	16	7	9	28	31	12	14	15	17	11	11	12	14	10	11	9	9	9	11	9	10	14	17	14	14	8	12	21	24
PQ015	PUNITAQUI	15	18	6	8	29	32	0	0	12	13	11	12	9	12	10	10	12	13	0	0	12	13	16	17	10	13	11	11	22	26
PQ016	PUNITAQUI	15	15	6	7	28	31	13	17	18	19	7	11	11	11	10	11	10	12	11	12	10	10	16	18	13	14	8	8	19	26
PQ017	PUNITAQUI	15	16	6	7	32	32	0	0	7	22	11	11	12	12	8	11	11	14	0	0	11	12	15	16	12	13	11	11	20	23
PQ018	PUNITAQUI	15	17	6	9	30	30	0	0	0	0	9	13	11	12	8	10	11	11	0	0	0	0	16	17	14	16	8	11	21	24
PQ019	PUNITAQUI	15	16	6	6	32	32	0	0	5	12	11	12	11	12	8	8	11	13	0	0	9	10	15	18	13	14	8	9	23	25
PQ020	PUNITAQUI	16	18	7	9	30	32	0	0	11	22	7	10	12	12	11	12	10	10	10	10	9	14	17	18	11	13	8	8	24	25
PQ021	PUNITAQUI	15	18	6	7	29	30	13	18	7	12	11	12	11	12	10	11	12	12	12	12	10	11	16	17	11	15	8	11	17	20
PQ022	PUNITAQUI	15	16	8	9	29	30	0	0	11	17	9	11	9	13	10	12	11	13	10	10	11	13	15	15	13	14	11	11	19	25
PQ023	PUNITAQUI	15	15	9	9	28	29	0	0	7	13	11	12	9	12	11	12	9	12	9	10	11	13	16	16	13	15	8	12	25	27
PQ024	PUNITAQUI	15	15	7	9	30	32	0	0	0	0	7	11	9	10	9	11	11	13	0	0	9	12	15	18	12	15	11	12	21	25
PQ025	PUNITAQUI	14	18	6	7	30	31	15	17	13	14	11	11	8	11	11	12	10	10	9	12	10	14	16	18	12	13	8	11	18	21
PQ026	PUNITAQUI	15	18	6	9	29	30	0	0	10	12	10	12	8	12	12	12	11	13	11	12	10	11	16	20	12	13	8	11	21	25
PQ027	PUNITAQUI	15	16	6	6	32	33	0	0	0	0	11	11	8	8	9	11	9	11	0	0	10	13	16	17	14	15	8	11	20	24
PQ028	PUNITAQUI	14	17	6	7	31	32	0	0	13	13	9	11	9	11	11	12	10	11	12	12	10	14	17	18	12	13	11	11	18	24
PQ029	PUNITAQUI	17	18	7	9	28	32	14	23	11	12	11	11	12	12	11	13	9	12	10	11	10	10	15	15	13	14	9	11	22	26
PQ030	PUNITAQUI	17	18	6	7	29	30	12	13	12	14	9	11	11	12	11	12	9	12	11	13	9	11	16	17	13	14	8	8	22	24
PQ031	PUNITAQUI	15	15	7	9	31	32	0	0	17	19	7	13	12	14	12	12	11	13	12	12	9	11	16	18	15	16	8	8	19	24
PQ032	PUNITAQUI	15	16	7	9	30	31	0	0	12	16	12	12	8	12	11	11	12	12	0	0	10	11	17	20	10	13	8	12	26	26
PQ033	PUNITAQUI	15	18	6	9	30	30	12	15	10	19	11	12	12	12	10	11	12	13	12	13	11	12	14	17	13	14	8	8	23	24
PQ034	PUNITAQUI	16	18	7	9	30	30	14	14	15	16	13	13	10	11	10	12	12	13	11	13	2	13	14	17	11	12	8	8	23	24
PQ035	PUNITAQUI	15	16	7	10	30	33	0	0	8	10	12	13	9	11	11	11	9	12	0	0	11	13	14	16	13	14	11	11	23	23
PQ036	PUNITAQUI	16	18	10	10	27	30	0	0	7	12	9	12	11	12	8	12	9	10	0	0	2	9	16	18	14	15	8	9	19	26
PQ037	PUNITAQUI	15	18	7	9	28	29	14	17	12	20	11	13	8	12	10	11	9	10	12	15	9	10	15	18	13	14	8	8	25	25
PQ038	PUNITAQUI	14	15	7	7	29	31	14	18	12	18	11	11	9	14	9	11	11	12	10	10	11	13	16	16	11	12	8	11	23	24
PQ039	PUNITAQUI	15	15	6	6	29	29	0	0	14	17	7	11	9	13	11	11	9	14	0	0	10	11	18	18	13	14	8	8	21	21
PQ040	PUNITAQUI	15	15	7	9	29	31	15	17	7	20	12	12	9	11	10	11	12	12	10	11	7	10	14	15	13	13	8	11	23	24
PQ041	PUNITAQUI	15	16	6	0	30	30	13	15	10	15	11	12	9	12	11	14	12	13	11	11	9	13	16	17	14	16	8	11	20	24
PQ042	PUNITAQUI	15	15	8	9	32	32	0	0	12	14	10	12	12	12	10	11	9	11	10	10	10	10	15	16	10	13	8	8	19	19
PQ043	PUNITAQUI	16	17	6	9	29	31	14	24	17	19	11	13	11	12	12	12	11	11	9	11	9	9	17	18	13	14	9	11	19	24
PQ044	PUNITAQUI	16	18	8	9	32	32	15	17	14	16	11	12	10	12	10	11	11	12	10	11	9	13	16	16	13	13	8	8	24	25
PQ045	PUNITAQUI	15	18	7	7	32	32	13	17	15	19	9	11	11	12	10	10	10	11	11	13	11	13	15	18	13	15	8	11	26	29
PQ046	PUNITAQUI	14	16	6	6	30	30	0	0	14	15	11	12	9	12	10	11	12	12	0	0	11	13	16	19	11	13	8	9	20	21
PQ047	PUNITAQUI	16	17	6	9	30	32	0	0	12	20	11	13	14	14	10	10	10	12	0	0	12	13	16	16	12	13	8	8	21	22
PQ048	PUNITAQUI	16	16	6	6	33	33	18	24	9	19	9	11	9	12	8	12	11	11	9	9	9	10	14	17	14	15	8	9	20	24
PQ049	PUNITAQUI	0	0	9	9	30	31	0	0	0	0	11	13	12	12	10	12	0	0	0	0	12	12	14	17	13	13	8	8	20	26
PQ050	PUNITAQUI	16	16	6	7	28	31	0	0	7	10	11	11	9	12	11	11	12	13	0	0	9	11	17	17	14	15	8	11	25	27
PQ051	PUNITAQUI	15	15	7	8	30	32	0	0	16	19	7	7	12	13	9	9	9	13	0	0	10	12	16	19	10	12	9	11	20	24
PQ052	PUNITAQUI	16	16	6	6	29	30	14	14	15	19	7	12	10	12	11	13	9	13	0	0	12	13	15	18	14	16	8	11	21	24
PQ053	PUNITAQUI	15	15	6	9	30	31	0	0	7	13	11	12	10	12	10	10	10	12	9	12	9	9	14	17	12	13	8	12	24	27
PQ054	PUNITAQUI	16	17	7	7	29	32	13	13	12	12	9	13	11	13	9	10	9	12	10	12	9	12	14	17	12	14	11	11	21	25
PQ055	PUNITAQUI	16	16	7	9	28	29	12	13	5	8	11	13	9	14	10	12	11	12	10	11	8	9	16	17	10	12	8	8	20	22
PQ056	PUNITAQUI	17	17	6	6	28	28	0	0	12	15	12	13	8	12	9	11	9	10	11	12	11	12	17	18	14	14	8	11	21	24
PQ057	PUNITAQUI	16	18	6	9	30	32	14	17	7	10	11	11	8	9	11	12	11	12	9	12	10	13	16	17	11	14	8	11	22	24
RP001	RINCONADA_DE_PUNITAQUI	14	15	6	6	31	32	0	0	5	15	12	13	9	13	10	12	9	13	11	11	9	14	16	18	11	13	8	8	21	26
RP002	RINCONADA_DE_PUNITAQUI	14	17	7	9	33	33	13	13	13	19	9	13	10	13	12	12	12	13	0	0	9	11	16	17	13	13	8	8	21	22
RP003	RINCONADA_DE_PUNITAQUI	15	18	6	6	30	32	0	0	0	0	10	12	13	14	10	12	12	13	0	0	9	9	16	19	11	13	8	8	21	26
RP004	RINCONADA_DE_PUNITAQUI	15	16	6	7	29	32	0	0	16	16	11	14	8	12	8	10	11	13	0	0	9	12	14	17	12	12	8	8	22	23
RP005	RINCONADA_DE_PUNITAQUI	14	17	6	7	30	32	0	0	0	0	13	13	9	14	10	11	10	11	0	0	11	11	17	18	10	15	11	11	20	21
RP006	RINCONADA_DE_PUNITAQUI	15	15	6	7	30	31	0	0	0	0	9	12	11	13	11	12	11	13	0	0	11	12	16	18	13	14	11	11	23	26
RP007	RINCONADA_DE_PUNITAQUI	16	16	6	6	30	32	14	14	12	18	11	12	11	13	10	10	10	14	12	12	11	12	15	15	10	13	8	11	20	26
RP008	RINCONADA_DE_PUNITAQUI	15	17	6	7	29	32	16	16	16	21	11	11	8	12	8	10	10	11	0	0	9	13	15	17	12	13	8	8	23	23
RP009	RINCONADA_DE_PUNITAQUI	14	15	7	9	29	32	0	0	13	13	12	13	9	12	9	10	9	12	0	0	9	10	16	18	12	15	8	8	25	25
RP010	RINCONADA_DE_PUNITAQUI	15	15	6	7	31	32	12	14	20	22	8	11	11	12	9	11	9	10	11	13	10	12	16	17	8	15	8	11	26	26
RP011	RINCONADA_DE_PUNITAQUI	15	15	6	6	29	32	18	21	12	17	11	11	11	12	11	11	11	12	11	12	7	9	16	19	11	14	8	9	20	21
RP012	RINCONADA_DE_PUNITAQUI	13	15	6	7	29	31	17	19	15	19	11	12	11	14	7	11	11	13	10	10	9	12	14	16	8	11	8	11	19	26
RP013	RINCONADA_DE_PUNITAQUI	14	15	6	6	29	32	0	0	12	12	11	13	11	12	11	11	11	11	0	0	7	11	16	19	13	14	8	8	21	23
BZ001	BARRAZA	15	16	9	9	32	33	14	15	7	20	9	9	10	13	8	11	9	12	10	11	12	13	16	19	11	11	11	12	22	24
BZ002	BARRAZA	15	17	6	8	29	29	14	14	10	14	11	11	13	14	11	11	10	12	11	12	12	13	17	18	12	13	8	11	22	22
BZ004	BARRAZA	15	16	7	9	29	30	12	21	17	19	9	11	11	13	10	12	9	12	12	12	13	14	16	16	12	15	8	12	26	26
BZ005	BARRAZA	15	16	7	7	28	29	13	16	17	18	11	11	8	13	11	14	10	11	12	12	7	9	17	17	13	13	8	11	19	24
BZ006	BARRAZA	16	17	6	7	29	33	15	19	11	12	10	11	9	12	11	12	9	12	12	12	10	12	18	19	10	14	8	8	24	24
BZ008	BARRAZA	15	16	6	7	28	31	14	15	13	17	11	11	12	13	10	12	10	12	12	13	10	13	17	17	10	15	8	11	21	23
BZ011	BARRAZA	15	18	7	8	29	30	13	15	11	20	12	13	9	12	10	11	10	10	10	11	10	13	15	15	10	15	11	12	20	26
BZ013	BARRAZA	15	18	8	9	29	32	18	18	12	22	12	12	11	11	10	12	9	9	12	12	10	10	16	17	13	13	8	11	21	27
BZ015	BARRAZA	15	15	8	9	29	31	12	14	8	11	11	13	8	14	12	13	10	10	12	12	10	11	16	19	11	13	8	8	21	22
BZ016	BARRAZA	17	18	7	7	28	29	13	15	11	12	11	12	9	12	11	12	9	10	11	11	9	10	15	18	13	15	11	12	23	26
BZ017	BARRAZA	15	18	6	7	29	33	13	14	17	17	12	12	9	12	10	12	10	12	11	12	11	13	15	15	13	14	8	12	20	23
BZ018b	BARRAZA	15	15	7	9	30	30	14	16	7	19	7	10	10	12	11	12	9	13	11	11	10	12	16	17	13	13	8	11	24	24
BZ020	BARRAZA	15	18	7	8	30	32	12	22	12	12	10	11	9	11	11	12	9	11	10	12	7	9	16	17	10	15	8	8	18	25
BZ021	BARRAZA	15	17	7	9	29	30	13	17	14	15	9	11	11	11	7	11	9	9	10	11	10	12	15	19	12	12	9	11	21	26
BZ023	BARRAZA	0	0	0	0	0	0	0	0	0	0	0	0	0	0	0	0	0	0	0	0	0	0	0	0	0	0	0	0	0	0
BZ024	BARRAZA	15	16	9	9	27	32	14	16	13	18	11	12	9	12	10	10	12	13	11	12	10	11	16	19	12	13	8	8	24	25
BZ025	BARRAZA	15	16	6	7	29	30	15	15	11	19	11	11	12	13	9	10	10	12	11	12	9	13	17	17	11	13	11	12	20	21
BZ026	BARRAZA	14	15	9	9	30	31	12	14	11	13	11	11	11	14	10	12	10	11	10	12	10	15	16	19	15	15	8	11	22	26
BZ027	BARRAZA	15	18	7	9	30	31	13	15	18	21	11	13	10	13	11	11	10	11	10	11	9	12	16	19	13	14	10	11	21	24
BZ028	BARRAZA	14	18	6	7	30	30	14	19	7	15	7	11	8	13	11	11	12	13	12	12	10	13	15	17	12	13	8	8	20	24
BZ030	BARRAZA	14	16	6	9	30	32	14	15	12	12	7	10	12	14	8	9	11	12	10	12	12	13	16	17	14	15	8	9	20	23
BZ032	BARRAZA	14	15	7	7	29	32	12	15	13	18	11	12	11	14	9	11	10	12	10	12	9	10	17	17	12	15	8	8	20	25
BZ033	BARRAZA	15	17	6	9	28	32	11	14	7	13	9	11	9	12	9	10	9	12	11	12	9	10	16	19	12	13	8	11	25	26
BZ034	BARRAZA	15	16	7	9	29	32	15	17	7	12	12	12	10	14	9	11	10	13	10	12	9	11	16	17	13	13	11	11	21	26
BZ035	BARRAZA	15	16	6	7	31	31	18	18	15	17	9	11	11	13	11	12	9	11	12	12	9	9	18	19	13	13	9	11	21	27
BZ036	BARRAZA	16	18	7	9	29	32	13	17	7	17	11	11	12	13	11	12	12	12	11	11	13	13	17	17	12	14	8	11	24	24
BZ037	BARRAZA	15	18	6	9	30	30	14	18	11	16	9	13	9	11	10	10	10	11	10	11	9	10	15	18	13	13	8	11	21	25
BZ040	BARRAZA	16	16	6	9	30	30	14	20	15	18	11	12	9	12	8	10	9	10	10	11	10	12	17	17	12	14	8	9	24	25
BZ041	BARRAZA	15	17	6	9	28	30	10	13	11	16	12	12	11	13	11	11	9	9	10	11	12	13	16	16	14	16	8	12	23	23
CA002	CANELILLA_OVALLE	16	18	6	9	31	31	13	17	13	15	11	12	13	14	10	11	12	12	11	12	10	11	14	16	13	13	8	11	26	27
CA005	CANELILLA_OVALLE	15	15	7	9	30	32	13	15	12	14	11	12	10	12	11	11	12	13	11	11	10	11	17	19	11	12	8	8	22	29
CA006	CANELILLA_OVALLE	16	17	9	9	28	0	13	17	12	14	12	13	10	12	11	12	11	13	11	11	10	12	18	19	12	15	8	11	22	24
CA007	CANELILLA_OVALLE	13	15	6	9	30	30	13	18	15	17	11	12	12	13	11	11	11	12	11	12	10	11	14	16	15	15	8	9	21	24
CA009	CANELILLA_OVALLE	14	15	6	9	29	33	12	12	11	15	11	12	12	13	12	13	9	12	11	12	9	12	16	16	13	15	8	8	27	27
CA010	CANELILLA_OVALLE	17	17	6	7	30	30	12	16	15	18	9	9	9	12	10	12	12	13	10	11	11	13	16	18	10	13	8	11	20	22
CA011	CANELILLA_OVALLE	17	17	8	9	28	33	13	17	10	14	11	13	10	12	11	12	13	13	11	11	12	14	19	19	14	15	11	11	22	22
CA012	CANELILLA_OVALLE	15	15	6	8	28	30	12	13	12	14	7	13	12	14	8	12	9	9	12	13	11	13	15	16	12	13	8	11	21	24
CA013	CANELILLA_OVALLE	15	15	7	9	29	31	18	21	7	12	12	12	9	12	10	11	11	12	11	11	7	12	16	16	13	16	8	11	21	0
CA014	CANELILLA_OVALLE	15	16	6	7	29	31	15	16	9	13	12	13	9	15	8	11	11	13	10	13	9	11	17	18	11	13	8	10	20	22
CA015	CANELILLA_OVALLE	15	18	7	9	28	29	15	16	11	17	11	12	11	12	10	12	11	11	10	13	10	11	16	18	12	13	8	11	24	25
CA016	CANELILLA_OVALLE	15	16	6	9	30	32	15	17	12	16	11	12	12	14	8	9	12	13	9	11	10	11	17	19	13	14	8	11	19	24
CA017	CANELILLA_OVALLE	16	18	6	6	28	30	14	15	10	16	11	13	11	14	11	11	10	11	11	11	12	12	17	18	13	13	8	11	19	25
CA018	CANELILLA_OVALLE	15	16	6	9	29	30	12	17	15	20	10	12	12	13	8	10	9	12	11	12	7	13	17	18	15	16	8	10	25	26
CA019	CANELILLA_OVALLE	15	16	9	9	32	32	15	17	12	13	12	12	12	12	8	11	11	12	11	11	10	10	17	19	11	11	11	12	25	26
CA020	CANELILLA_OVALLE	16	16	9	9	31	33	14	20	17	19	11	11	10	11	11	12	12	12	11	11	11	12	17	18	11	13	8	11	22	22
CA022	CANELILLA_OVALLE	15	19	6	9	27	33	12	20	19	20	11	11	8	10	11	12	10	12	11	11	11	12	16	18	11	13	8	11	20	22
CA023	CANELILLA_OVALLE	15	15	6	7	30	30	12	12	12	20	11	12	10	14	8	12	12	13	10	10	7	10	18	19	11	13	8	11	22	23
CB002	CANELA_BAJA	15	15	6	9	31	31	14	15	7	15	11	12	11	12	9	10	11	13	10	11	13	13	16	18	12	12	11	11	22	23
CB003	CANELA_BAJA	16	16	7	9	28	31	13	14	16	21	7	12	9	12	10	10	13	13	9	10	10	11	16	18	13	15	8	9	22	26
CB004	CANELA_BAJA	15	16	6	7	31	31	14	17	8	10	11	11	11	12	10	11	12	12	11	12	12	12	16	17	13	14	8	12	19	20
CB005	CANELA_BAJA	15	15	6	7	30	30	15	15	12	16	11	12	8	9	10	11	10	11	11	11	9	11	16	16	11	14	9	11	19	22
CB006	CANELA_BAJA	15	16	6	9	29	31	14	15	15	18	11	13	8	10	10	11	10	12	11	12	9	10	16	19	13	14	8	12	19	27
CB007	CANELA_BAJA	15	16	8	8	31	32	14	18	7	7	11	12	8	9	10	12	12	12	12	12	9	12	16	16	12	14	8	8	22	24
CB008	CANELA_BAJA	15	18	6	7	32	33	17	19	13	19	11	12	8	14	11	12	11	12	9	10	7	11	14	18	12	12	8	11	21	28
CB009	CANELA_BAJA	14	15	6	9	29	32	14	14	10	14	11	12	11	12	10	11	9	13	11	12	11	13	17	18	14	15	9	11	22	25
CB010	CANELA_BAJA	15	15	7	7	30	30	14	18	13	24	9	11	13	13	10	11	10	12	10	12	10	11	16	17	12	13	8	11	25	26
CB011	CANELA_BAJA	15	18	6	6	30	32	13	14	10	12	11	13	9	13	11	12	9	13	11	12	9	12	17	17	14	14	8	9	21	26
CB012	CANELA_BAJA	13	18	8	9	30	30	12	13	14	15	11	11	11	12	9	11	9	13	10	12	9	10	17	18	13	13	8	11	19	21
CB013	CANELA_BAJA	15	15	9	9	28	32	12	16	7	7	11	11	8	11	10	11	11	13	11	11	9	13	18	18	12	15	8	11	26	26
CB014	CANELA_BAJA	15	16	6	6	31	32	15	19	11	17	11	11	9	13	10	10	10	12	11	12	13	14	17	18	10	13	8	9	21	25
CB015	CANELA_BAJA	16	18	7	9	31	33	16	20	7	10	7	11	9	14	11	12	9	11	12	12	12	13	15	16	10	12	8	11	0	25
CB017	CANELA_BAJA	14	15	6	6	30	32	13	14	11	16	11	11	9	9	9	13	9	11	10	11	10	12	16	19	16	16	8	11	23	25
CB018	CANELA_BAJA	15	16	6	6	30	31	14	17	15	18	11	13	8	9	8	10	12	13	12	12	10	12	17	19	13	17	8	8	21	27
CB019	CANELA_BAJA	14	15	7	9	28	31	15	15	12	12	12	13	12	13	10	12	10	11	9	10	11	12	16	17	12	13	8	11	25	26
CB020	CANELA_BAJA	14	16	6	9	28	31	13	17	7	7	11	11	11	11	8	9	12	13	11	12	9	9	16	17	13	14	8	11	21	26
CB021	CANELA_BAJA	15	18	6	7	30	32	14	19	15	16	11	11	9	13	11	12	11	12	13	13	7	13	15	16	15	15	8	8	19	22
CB022	CANELA_BAJA	15	17	6	7	30	32	14	18	7	19	13	13	11	13	10	11	10	13	11	13	11	13	16	18	12	15	11	12	22	24
CB023	CANELA_BAJA	15	15	6	9	29	30	15	18	7	12	13	13	8	9	9	11	9	12	12	12	10	11	14	14	11	16	8	8	20	23
CB024	CANELA_BAJA	15	16	6	6	31	32	15	16	10	15	11	13	12	13	9	10	11	13	10	11	11	13	16	18	12	14	8	12	20	28
CB025	CANELA_BAJA	15	15	6	9	30	30	14	18	10	12	7	11	8	9	10	11	9	12	10	12	2	10	17	17	12	13	8	8	21	29
CB026	CANELA_BAJA	15	15	6	7	30	32	16	16	21	21	11	12	10	15	9	10	9	10	11	11	9	13	16	17	13	14	8	9	19	23
CB027	CANELA_BAJA	14	15	6	9	30	33	13	17	12	12	10	13	11	12	10	10	12	13	12	12	11	13	17	18	14	15	8	9	21	26
CB028	CANELA_BAJA	15	17	6	9	31	32	16	19	7	19	11	13	12	13	10	11	10	11	11	12	9	12	16	18	14	15	8	8	24	25
CB029	CANELA_BAJA	15	15	6	7	29	33	15	17	12	23	12	12	11	11	10	11	11	12	8	13	9	10	16	18	10	14	8	12	19	21
CB030	CANELA_BAJA	15	16	8	9	31	31	12	24	7	12	10	11	11	11	7	11	10	11	10	12	10	10	14	17	13	14	8	8	24	24
CB031	CANELA_BAJA	16	18	6	7	27	30	14	15	7	15	11	12	11	12	9	11	11	13	10	11	13	13	16	16	12	12	8	11	22	23
CB033	CANELA_BAJA	15	18	6	7	32	33	13	14	7	11	7	12	12	12	10	10	9	11	10	14	9	10	16	18	13	14	8	10	22	25
CB034	CANELA_BAJA	15	15	7	8	30	0	14	15	13	15	12	12	8	10	10	12	10	13	12	12	10	11	16	17	13	13	9	12	20	23
CB035	CANELA_BAJA	15	16	6	9	30	31	17	18	12	19	10	11	11	14	10	11	11	12	10	12	8	13	16	17	13	14	8	11	24	26
CB036	CANELA_BAJA	16	16	7	8	28	31	13	18	12	15	7	13	12	14	7	11	12	12	12	12	10	12	16	18	11	13	8	11	21	25
CB037	CANELA_BAJA	15	15	7	7	31	32	12	17	13	16	12	12	9	12	10	12	11	12	11	12	7	11	17	19	13	13	8	11	21	25
CB038	CANELA_BAJA	15	16	7	8	29	29	13	18	10	18	9	11	11	12	12	12	13	13	11	12	9	12	16	18	11	13	8	11	19	26
CB039	CANELA_BAJA	15	16	6	7	31	32	13	13	9	23	11	12	8	9	10	11	11	12	12	12	10	13	16	16	13	15	8	11	19	23
CB041	CANELA_BAJA	16	17	6	7	30	30	14	15	12	13	12	13	9	12	9	9	12	12	11	12	11	12	14	18	14	15	8	8	23	24
CB042	CANELA_BAJA	15	18	6	8	29	33	14	17	12	15	11	11	9	9	10	11	12	14	10	12	9	11	16	17	13	15	11	12	26	26
CB043	CANELA_BAJA	14	15	7	9	30	30	12	13	12	12	11	13	11	13	10	12	10	12	12	13	9	10	17	18	15	15	9	12	22	25
CB044	CANELA_BAJA	15	16	6	6	30	30	13	15	13	19	11	11	11	13	10	10	9	11	11	12	10	13	16	17	12	14	8	8	22	23
CB045	CANELA_BAJA	16	16	6	7	29	30	18	18	12	13	11	11	12	13	10	13	9	11	10	12	9	10	15	17	11	12	8	11	22	26
CB046	CANELA_BAJA	16	19	7	9	30	31	18	18	12	12	11	12	10	14	12	12	12	12	11	12	10	10	16	18	9	12	8	12	21	23
CB047	CANELA_BAJA	15	17	7	7	30	33	13	14	7	12	7	10	11	14	10	12	11	13	10	12	11	12	17	18	14	15	8	8	21	25
CB048	CANELA_BAJA	15	18	6	9	27	30	17	20	14	18	11	11	9	12	10	11	12	13	11	11	9	11	15	17	13	15	8	8	19	0
CB049	CANELA_BAJA	15	15	6	7	30	30	12	17	10	15	12	12	12	13	9	10	11	12	11	12	10	13	16	17	12	15	8	11	24	25
CB050	CANELA_BAJA	15	15	7	7	30	33	15	15	13	14	7	11	8	10	8	12	11	13	10	12	9	10	16	17	13	13	9	11	20	26
CB051	CANELA_BAJA	16	18	6	7	27	31	14	15	7	15	11	11	12	13	8	10	9	13	11	11	7	11	18	19	12	14	8	11	22	24
CB052	CANELA_BAJA	14	16	8	9	30	0	16	19	12	15	12	13	10	14	10	12	11	13	11	12	10	14	14	16	12	15	9	11	22	27
CB053	CANELA_BAJA	15	18	6	8	30	31	14	17	13	14	11	12	10	11	8	9	12	13	11	13	10	11	16	17	14	14	8	11	22	24
CB054	CANELA_BAJA	16	18	7	9	28	30	14	17	11	17	12	12	9	10	10	11	11	11	12	12	7	10	17	19	10	11	11	11	22	25
CB055	CANELA_BAJA	15	16	6	6	29	30	14	17	12	12	9	11	10	11	10	11	9	11	11	11	13	13	16	18	12	13	8	11	26	26
CB057	CANELA_BAJA	15	16	7	9	30	31	14	18	14	15	11	12	8	12	10	11	9	12	11	11	11	12	16	17	10	14	8	8	20	22
CB059	CANELA_BAJA	15	15	9	9	30	31	15	17	12	14	11	11	8	11	10	10	11	12	11	12	10	10	16	16	13	13	8	11	19	24
CB061	CANELA_BAJA	15	15	7	9	29	31	12	17	14	16	7	12	10	12	9	11	11	12	11	11	7	9	15	17	13	14	8	8	22	27
CB063	CANELA_BAJA	15	18	7	9	31	32	15	17	12	12	11	11	9	10	10	11	12	12	10	11	9	14	15	17	10	13	8	8	19	22
CB064	CANELA_BAJA	15	16	6	9	29	30	14	15	16	19	11	11	11	12	8	12	11	13	10	12	11	12	16	16	11	13	9	11	19	21
CB065	CANELA_BAJA	15	17	6	9	31	0	14	15	5	16	11	12	10	12	12	12	9	11	10	12	9	13	16	19	10	15	8	8	23	26
CB066	CANELA_BAJA	16	16	6	9	27	31	12	15	11	16	11	12	8	14	9	10	10	10	11	12	9	13	16	16	13	14	8	9	20	21
CB070	CANELA_BAJA	14	15	6	7	29	30	15	16	10	15	11	12	12	13	10	12	9	12	11	12	10	10	16	20	13	13	8	9	19	22
CB071	CANELA_BAJA	15	15	6	7	31	32	17	17	11	17	11	11	11	13	9	11	9	11	10	10	10	13	14	16	13	15	8	11	21	27
CB072	CANELA_BAJA	15	15	7	9	30	31	17	21	12	15	7	12	9	10	10	11	9	10	11	12	11	12	14	16	12	12	11	12	19	26
CB073	CANELA_BAJA	0	0	0	0	0	0	17	21	0	0	0	0	0	0	0	0	0	0	0	0	0	0	0	0	0	0	0	0	0	0
CB074	CANELA_BAJA	15	16	7	8	28	30	14	15	7	7	11	11	12	14	8	12	11	12	11	12	9	9	17	17	11	12	8	11	20	24
CB075	CANELA_BAJA	15	16	7	7	29	31	13	17	11	15	11	12	12	13	11	11	9	11	10	12	10	13	14	16	12	13	8	8	21	24
CB076	CANELA_BAJA	15	17	6	7	29	29	17	17	12	14	7	12	9	9	11	11	12	12	10	11	14	14	16	16	13	13	11	12	22	26
CB077	CANELA_BAJA	15	15	7	9	31	33	9	13	7	7	11	12	12	14	10	12	9	11	10	12	9	10	18	18	11	15	8	12	21	21
CB078	CANELA_BAJA	16	17	7	9	30	32	16	18	10	17	11	14	9	13	10	12	9	11	12	12	9	10	17	17	13	15	8	8	23	26
CB079	CANELA_BAJA	15	16	6	9	29	30	14	18	12	13	11	13	9	12	11	11	11	11	10	12	9	10	14	14	10	15	8	9	18	23
CB080	CANELA_BAJA	15	15	7	9	30	30	13	16	14	14	11	12	12	13	10	11	12	12	10	11	8	9	17	17	12	13	8	8	22	24
CB081	CANELA_BAJA	15	18	6	6	31	32	12	14	10	14	7	13	9	14	11	12	11	12	12	12	10	14	16	16	10	12	8	9	25	25
CB082	CANELA_BAJA	14	18	9	9	29	32	11	20	12	19	7	12	9	13	8	8	9	11	10	13	9	10	18	19	12	13	8	8	21	27
CB083	CANELA_BAJA	15	18	9	9	29	31	14	14	10	10	9	9	9	14	10	13	11	12	10	10	10	11	14	14	10	15	8	11	26	26
CB084	CANELA_BAJA	16	16	7	9	29	31	13	14	12	15	12	13	8	9	11	12	9	12	10	11	10	12	16	16	11	14	8	8	25	26
CB085	CANELA_BAJA	15	16	9	9	29	30	14	19	7	8	11	12	9	12	11	12	12	13	12	13	11	15	17	18	11	15	11	12	20	22
CB086	CANELA_BAJA	15	16	6	7	31	32	12	13	13	17	11	12	9	14	10	12	11	11	10	10	10	10	18	18	13	14	8	11	24	25
CB087	CANELA_BAJA	16	17	7	9	30	32	18	18	10	17	11	14	9	13	10	12	9	9	12	12	9	10	17	17	13	15	8	8	23	26
CB088	CANELA_BAJA	14	15	7	7	30	0	15	17	12	15	11	11	11	11	11	12	12	13	11	12	13	14	13	17	13	16	8	11	21	27
CB089	CANELA_BAJA	15	16	7	7	31	32	12	15	10	18	11	11	9	10	8	10	9	13	11	13	9	10	17	18	10	15	9	11	21	25
CB090	CANELA_BAJA	15	16	8	8	30	32	15	16	12	14	11	12	11	14	10	12	11	12	12	12	10	11	16	17	12	13	8	12	19	24
CB091	CANELA_BAJA	17	17	6	9	29	29	12	15	10	23	12	12	9	12	9	11	9	11	9	11	9	12	17	19	14	14	8	8	23	25
CB092	CANELA_BAJA	15	16	9	9	0	33	14	16	15	18	11	11	9	12	12	12	10	12	12	12	12	13	16	18	13	15	8	11	22	25
CB093	CANELA_BAJA	14	15	7	9	30	30	13	13	12	12	12	12	10	11	10	12	11	12	10	10	13	13	16	16	14	14	11	12	22	22
CB094	CANELA_BAJA	14	15	7	7	31	32	10	14	7	14	11	12	12	14	8	11	11	11	11	12	10	13	16	17	14	15	8	11	20	25
CB095	CANELA_BAJA	15	18	6	7	28	29	14	18	7	10	7	9	9	10	9	11	11	11	12	12	10	13	16	17	12	15	11	11	21	0
CB096	CANELA_BAJA	15	15	6	7	30	30	17	21	15	15	11	12	10	11	11	12	12	14	7	12	10	10	16	18	10	14	11	11	22	22
CB097	CANELA_BAJA	14	15	6	9	28	30	15	18	11	15	7	11	9	12	11	11	12	12	11	12	9	10	14	17	13	13	8	8	26	27
CB098	CANELA_BAJA	15	17	6	6	30	32	13	14	15	17	12	12	10	12	8	9	11	12	11	13	10	13	15	18	12	13	9	11	22	23
CB100	CANELA_BAJA	17	17	7	9	32	32	13	18	17	19	11	11	9	11	10	11	9	10	11	11	9	11	14	16	13	15	8	11	24	25
CB101	CANELA_BAJA	15	18	7	9	30	31	11	15	5	21	10	11	10	12	10	11	11	11	10	12	10	12	17	17	13	14	8	12	19	22
CB104	CANELA_BAJA	15	16	9	9	30	32	17	18	10	17	9	14	11	13	12	12	10	10	10	12	9	10	18	19	10	13	8	11	20	25
CB105	CANELA_BAJA	15	16	8	9	30	31	12	14	15	21	9	12	9	13	10	11	9	11	10	10	12	14	14	14	14	14	7	8	22	27
CB106	CANELA_BAJA	16	17	6	9	30	32	13	15	11	13	11	13	8	10	8	12	12	13	9	10	9	12	16	18	12	15	8	11	25	26
CB107	CANELA_BAJA	15	16	9	9	30	32	15	16	12	13	11	13	9	12	10	10	12	13	9	12	9	12	16	16	12	13	8	9	25	25
CB108	CANELA_BAJA	15	16	6	7	30	30	12	17	7	14	11	12	8	9	10	11	11	11	11	12	10	14	16	17	12	15	9	11	19	24
CB109	CANELA_BAJA	14	18	6	7	28	33	13	16	12	14	11	11	9	13	11	12	10	11	12	12	10	12	15	19	13	15	8	10	23	25
CB110	CANELA_BAJA	15	16	6	9	28	31	13	15	7	12	11	11	10	11	8	11	12	13	9	11	9	11	16	19	11	16	8	8	23	26
CB111	CANELA_BAJA	15	16	6	9	30	30	14	16	7	16	11	11	12	12	11	11	10	11	11	11	10	10	16	17	14	14	9	11	23	25
CB112	CANELA_BAJA	15	18	6	7	27	30	12	17	15	19	9	11	8	10	8	11	9	11	10	11	9	10	17	17	14	15	8	11	21	25
CB115	CANELA_BAJA	14	15	6	6	31	0	17	19	7	8	11	13	11	11	12	12	10	14	10	13	10	10	16	16	13	15	8	12	19	25
CB116	CANELA_BAJA	15	15	9	9	29	33	14	16	13	14	10	12	9	13	12	13	10	11	11	12	9	10	14	16	12	13	8	8	23	25
CB118	CANELA_BAJA	15	16	7	9	29	31	13	16	5	15	11	12	11	11	10	10	11	12	11	12	12	13	18	18	12	13	8	12	19	20
CB119	CANELA_BAJA	14	15	6	7	31	31	17	19	8	11	11	13	11	11	12	12	10	12	12	13	10	10	16	16	13	15	12	12	25	25
CB123	CANELA_BAJA	14	14	7	9	30	32	15	15	15	15	9	9	9	9	11	11	9	9	11	11	12	14	16	17	13	15	8	8	23	24
CB124	CANELA_BAJA	15	16	7	9	29	31	12	17	12	16	7	11	8	12	11	11	12	13	10	11	12	14	17	18	13	14	11	11	19	20
CB126	CANELA_BAJA	15	16	7	9	27	30	15	18	15	18	11	12	9	11	11	12	12	14	12	13	9	11	14	16	13	13	11	11	24	25
CB130	CANELA_BAJA	15	15	6	7	27	31	20	20	13	17	12	12	9	15	10	11	11	12	11	11	9	11	18	19	12	12	11	11	19	25
CB133	CANELA_BAJA	15	16	8	9	28	30	14	14	6	12	11	13	13	14	11	11	10	11	10	10	13	13	16	17	10	14	8	11	18	22
CB134	CANELA_BAJA	15	15	6	9	30	30	12	14	7	13	11	11	8	11	7	10	10	11	12	12	10	10	15	16	14	15	8	11	24	24
CB135	CANELA_BAJA	18	18	6	7	29	31	13	14	7	7	11	11	10	14	10	12	11	13	11	12	10	13	16	17	11	15	8	8	21	21
CB136	CANELA_BAJA	15	18	7	9	27	30	12	17	12	14	12	12	9	10	10	12	9	12	10	13	11	12	17	17	13	13	8	8	18	22
CB137	CANELA_BAJA	14	17	6	9	27	31	16	18	7	12	8	12	8	12	10	11	12	12	10	11	12	14	16	17	12	12	8	12	23	23
CB138	CANELA_BAJA	15	18	7	9	27	30	12	17	12	14	12	13	9	10	10	12	9	12	10	13	11	12	17	17	13	13	8	8	18	22
CB139	CANELA_BAJA	15	15	6	9	27	31	13	16	7	15	11	12	11	14	10	11	11	11	11	13	11	11	16	18	12	15	8	8	21	24
CB141	CANELA_BAJA	15	16	9	9	29	30	12	15	7	12	11	13	9	11	8	11	11	12	10	11	10	12	17	18	13	13	8	8	20	23
CB143	CANELA_BAJA	15	16	6	7	30	31	12	14	12	15	11	12	9	14	11	12	11	12	13	13	9	12	15	17	14	15	11	12	23	25
CB144	CANELA_BAJA	16	17	7	9	30	32	12	15	14	19	7	11	9	11	10	10	12	13	10	11	12	13	16	17	13	14	9	11	22	23
CB145	CANELA_BAJA	16	16	6	6	29	30	17	17	7	12	7	11	10	11	11	13	9	12	10	10	9	12	16	18	15	16	8	10	21	25
CB146	CANELA_BAJA	15	16	7	9	28	30	13	22	12	20	11	12	12	13	11	12	9	11	12	12	12	13	18	19	13	16	8	11	19	25
CB147	CANELA_BAJA	14	16	6	9	30	32	14	15	12	12	7	10	12	14	8	9	11	12	10	12	12	13	16	17	14	15	8	9	20	23
CB148	CANELA_BAJA	14	15	6	8	29	29	13	14	12	18	9	11	12	15	9	12	11	13	10	11	9	9	16	18	11	14	8	11	25	26
CB149	CANELA_BAJA	14	17	7	9	28	28	14	15	5	19	7	10	9	12	10	11	11	12	11	11	10	12	16	18	13	15	8	11	25	25
CB153	CANELA_BAJA	15	16	7	9	30	31	17	18	7	7	11	11	13	13	10	12	9	11	9	11	9	10	16	17	11	11	8	8	22	0
CB155	CANELA_BAJA	15	15	7	9	27	33	13	17	7	15	12	12	8	11	10	11	11	11	11	11	11	13	16	19	12	15	8	11	21	21
CB158	CANELA_BAJA	14	17	6	7	28	30	15	16	15	15	11	11	11	14	11	11	10	11	11	13	9	10	15	15	9	11	9	11	24	24
CB163	CANELA_BAJA	15	16	6	9	29	31	17	17	11	14	11	12	8	11	10	11	9	12	11	12	10	11	16	16	13	14	9	11	24	24
CB165	CANELA_BAJA	15	16	6	7	30	32	13	14	14	17	11	12	12	13	10	12	12	13	12	12	9	12	16	17	13	13	8	12	22	23
CB167	CANELA_BAJA	15	17	9	9	29	32	12	16	7	23	11	11	12	12	10	11	12	13	11	12	11	11	16	18	12	13	8	8	21	22
CB168	CANELA_BAJA	15	16	7	9	30	30	13	22	12	12	11	13	12	13	11	12	9	11	12	12	9	13	14	16	13	16	8	11	19	25
CB169	CANELA_BAJA	14	17	6	8	29	30	11	16	11	16	12	13	12	14	11	13	11	11	10	11	12	14	17	17	13	14	8	11	21	25
CB171	CANELA_BAJA	15	16	6	9	31	33	13	17	9	18	7	11	11	14	7	8	12	12	10	15	12	12	16	16	8	13	8	8	24	25
CB173	CANELA_BAJA	15	16	7	8	29	30	12	14	14	15	11	11	10	12	11	12	11	12	10	13	11	13	16	18	13	14	8	9	22	26
CB175	CANELA_BAJA	14	15	6	7	30	32	14	18	14	16	11	11	11	11	8	11	12	12	10	10	12	12	18	18	13	14	11	12	22	24
CB177	CANELA_BAJA	15	18	6	9	29	31	15	19	10	14	11	11	12	14	11	13	11	11	12	12	9	15	18	18	13	15	8	10	19	19
CB179	CANELA_BAJA	16	18	9	9	29	30	14	15	14	14	7	11	11	14	10	11	11	12	10	12	10	15	18	18	11	13	8	8	19	19
CB181	CANELA_BAJA	15	16	7	9	29	33	12	14	7	18	7	12	11	11	11	12	9	12	11	12	12	12	16	17	13	14	8	8	23	27
CB185	CANELA_BAJA	15	16	7	9	30	32	13	14	11	12	11	12	12	14	10	12	9	13	11	12	10	10	14	17	13	13	8	8	21	26
CL003	LA_CALERA	15	17	7	7	32	32	13	14	11	18	11	13	11	12	9	11	0	0	12	12	12	13	16	17	13	13	11	11	21	25
CL004	LA_CALERA	15	16	7	7	30	30	15	17	11	12	11	11	12	13	10	11	9	9	9	12	9	9	16	17	12	15	8	8	23	25
CL005	LA_CALERA	15	16	6	9	28	33	16	17	12	13	7	12	11	13	10	11	9	12	10	10	10	11	15	17	13	13	8	8	23	23
CL006	LA_CALERA	15	16	7	9	28	30	14	14	12	13	11	11	9	10	8	9	9	10	12	12	10	13	17	17	11	11	8	12	21	24
CL007	LA_CALERA	14	17	8	9	29	33	14	16	15	18	11	12	9	12	12	12	9	12	11	11	9	10	14	17	13	15	8	11	0	24
CL008	LA_CALERA	16	17	6	7	29	32	12	14	15	18	10	11	12	13	11	13	10	11	10	12	10	13	15	17	13	14	8	11	19	22
CL009	LA_CALERA	15	16	6	6	29	32	11	14	14	16	11	11	11	13	8	11	9	11	11	11	10	12	16	17	12	15	8	8	22	25
CL010	LA_CALERA	15	15	6	9	29	32	12	14	13	16	11	11	12	13	11	11	11	11	10	11	10	12	17	19	15	15	8	11	22	25
CL011	LA_CALERA	14	15	8	9	29	30	14	15	12	15	11	12	11	11	10	11	11	14	11	12	10	11	17	17	10	14	11	11	19	20
CL012	LA_CALERA	14	15	9	9	30	32	12	18	13	16	11	12	12	13	11	11	11	12	10	11	9	10	16	17	14	15	8	8	23	25
CL013	LA_CALERA	14	16	7	9	29	30	14	14	12	16	11	11	10	11	9	12	9	10	11	11	10	12	17	19	11	14	8	12	21	21
CL014	LA_CALERA	15	16	7	9	31	31	14	15	12	13	10	11	12	12	9	11	9	11	9	11	10	14	15	16	13	13	8	8	20	21
CL017	LA_CALERA	15	16	7	9	30	31	12	13	13	15	10	11	12	14	8	12	12	12	11	12	12	12	16	18	14	14	8	8	22	23
CL018	LA_CALERA	16	18	7	7	28	28	12	20	11	15	10	12	10	12	9	12	10	12	12	13	9	9	16	19	13	15	8	8	24	26
CL019	LA_CALERA	15	16	9	9	30	32	13	14	11	13	10	11	12	13	12	13	12	12	11	12	10	12	15	17	14	14	8	11	19	22
CL020	LA_CALERA	15	15	6	7	29	33	14	14	15	16	11	12	9	12	11	12	10	11	10	11	11	12	17	19	14	15	8	11	22	25
CL021	LA_CALERA	16	16	7	9	31	31	12	15	12	22	7	13	9	12	10	10	9	12	11	11	11	12	17	17	13	15	8	8	21	23
CL022	LA_CALERA	15	16	7	7	28	30	17	21	12	14	11	12	10	12	9	10	9	11	11	12	9	10	16	18	11	15	9	11	22	24
CL023	LA_CALERA	16	16	9	9	30	31	12	14	5	22	7	11	12	12	8	10	9	9	10	11	10	12	17	17	13	15	8	8	21	25
CL024	LA_CALERA	16	16	7	9	31	31	12	14	12	22	11	12	12	12	8	11	9	12	10	11	10	10	17	17	13	15	8	8	23	25
CL025	LA_CALERA	15	15	7	8	30	30	17	18	13	15	11	11	13	13	8	10	9	9	12	13	9	14	16	17	12	14	10	12	19	21
CL027	LA_CALERA	15	16	7	9	30	30	12	17	12	17	10	10	9	13	10	12	10	13	14	14	10	14	14	17	12	13	8	11	22	26
CL028	LA_CALERA	15	16	8	9	27	33	13	14	11	17	11	12	9	12	12	13	11	13	11	12	12	13	17	18	11	15	8	10	24	25
CL029	LA_CALERA	14	18	9	9	31	31	14	20	14	18	12	13	8	12	11	11	11	13	11	12	9	12	17	17	13	14	8	11	25	26
CL030	LA_CALERA	15	17	6	6	28	33	16	16	12	17	9	13	11	13	10	12	12	12	11	11	11	14	16	17	10	12	8	11	20	22
CL032	LA_CALERA	14	15	6	9	32	32	13	14	7	13	11	12	12	13	11	11	11	11	10	11	12	13	17	17	15	15	8	11	25	27
CL033	LA_CALERA	15	16	7	9	29	31	18	21	7	12	12	12	9	12	10	11	11	12	11	11	7	12	16	16	13	16	8	11	21	0
CLS40	LA_CALERA	17	18	9	9	29	31	15	16	11	18	11	11	12	12	7	11	11	12	10	10	9	10	14	17	10	13	8	9	21	25
CR001	LA_CALERA	15	16	6	7	29	30	14	16	7	17	7	11	10	12	9	12	9	12	10	12	10	11	17	19	14	16	8	12	21	22
CR004	LA_CALERA	15	15	6	7	28	31	14	17	11	17	11	11	10	12	8	11	10	13	12	13	9	13	14	15	12	13	9	11	19	19
CR005	LA_CALERA	15	15	6	6	32	33	13	14	10	15	8	12	11	12	11	12	9	10	11	13	10	11	14	15	13	13	8	8	22	0
CR006	LA_CALERA	14	17	6	8	30	31	14	15	12	19	11	11	12	12	11	12	11	13	9	11	9	11	17	18	13	14	8	11	19	23
CR007	LA_CALERA	14	17	6	9	30	33	15	15	11	16	12	12	8	10	11	12	11	12	11	11	9	11	14	17	14	15	8	11	23	26
CR008	LA_CALERA	14	18	6	6	29	31	12	15	15	17	12	12	11	13	8	11	12	12	10	10	10	13	17	18	13	14	11	11	22	25
CR009	LA_CALERA	14	15	9	9	30	31	15	16	12	15	10	12	9	9	10	12	11	12	10	10	10	12	16	17	14	15	8	11	22	26
CR010	LA_CALERA	15	18	6	7	28	29	15	16	11	18	11	12	10	11	10	10	10	12	9	13	10	13	16	18	10	11	8	11	19	25
CR011	LA_CALERA	15	16	6	9	31	31	12	20	16	18	11	12	10	12	10	11	11	11	11	12	10	12	17	18	10	13	8	9	21	25
CR012	LA_CALERA	15	15	9	9	31	31	16	20	14	18	7	12	10	12	11	11	10	11	11	12	10	14	15	17	13	15	9	11	25	25
CR013	LA_CALERA	15	18	9	9	30	33	14	17	10	10	7	11	12	12	11	12	11	12	10	10	9	12	17	17	13	14	8	12	19	23
CR014	LA_CALERA	15	16	6	6	28	29	12	21	15	20	11	13	12	14	10	11	12	13	10	10	10	12	16	17	10	11	8	8	21	24
CR015	LA_CALERA	15	15	9	9	29	30	14	14	11	20	9	10	12	12	10	12	9	13	11	12	11	12	16	17	13	14	10	11	25	25
ES001	EL_ESPINAL	15	18	7	9	28	29	15	16	11	17	11	12	11	12	10	12	11	11	10	13	10	11	16	18	12	13	8	11	24	25
ES002	EL_ESPINAL	15	16	6	9	29	30	12	17	15	20	10	12	12	13	8	10	9	12	11	12	7	13	17	18	15	16	8	10	25	26
ES003	EL_ESPINAL	14	15	7	7	30	31	12	14	7	12	11	11	8	9	11	12	9	12	11	12	12	12	17	17	12	13	8	9	19	21
ES004	EL_ESPINAL	15	15	7	9	28	30	12	16	12	19	11	11	8	10	10	11	10	10	10	12	10	12	14	16	12	14	8	8	25	27
ES005	EL_ESPINAL	15	17	7	9	28	30	16	20	5	14	11	12	9	12	10	12	9	13	11	12	10	13	17	18	11	14	8	10	23	24
ES006	EL_ESPINAL	15	15	9	9	32	33	16	16	13	19	11	11	10	12	10	12	12	12	10	12	10	12	16	16	13	14	8	12	25	26
ES007	EL_ESPINAL	14	15	7	9	28	30	12	21	14	15	7	11	10	12	10	11	9	11	12	12	13	15	16	18	11	14	8	9	21	22
ES008	EL_ESPINAL	17	18	6	7	28	28	14	16	5	11	11	12	8	13	11	11	9	12	10	10	10	10	17	18	13	13	11	11	23	24
ES009	EL_ESPINAL	15	17	7	8	28	29	14	17	7	10	7	11	9	11	8	11	9	12	11	12	9	12	16	16	13	16	8	8	24	25
ES010	EL_ESPINAL	16	17	7	7	31	32	17	18	8	14	11	12	9	13	10	12	11	12	11	13	9	9	14	17	13	15	8	11	23	24
ES011	EL_ESPINAL	15	15	9	9	30	32	13	17	12	17	11	12	8	11	8	11	9	9	10	12	10	13	17	17	11	12	8	8	21	22
ES012	EL_ESPINAL	15	16	7	7	29	31	10	14	13	17	11	11	10	13	11	12	9	10	11	12	9	13	16	16	13	15	8	8	21	21
ES013	EL_ESPINAL	14	16	6	8	32	32	14	18	5	14	12	12	11	14	10	12	8	11	10	11	10	13	16	18	12	15	8	8	23	26
ES014	EL_ESPINAL	15	18	7	7	29	29	12	13	10	12	9	11	13	13	10	11	11	13	10	10	9	13	15	17	13	15	8	11	24	26
ES015	EL_ESPINAL	16	16	7	9	29	29	16	17	16	18	11	11	9	9	11	11	11	13	10	12	9	11	16	17	12	13	9	12	19	23
GG001	PUCLARO	14	16	7	9	28	29	14	14	10	12	11	11	9	11	11	11	11	12	11	13	12	13	16	17	12	16	8	8	20	25
GG003	PUCLARO	15	15	6	7	27	31	14	15	11	14	12	13	12	12	11	11	11	13	10	10	8	12	17	18	13	14	11	11	24	26
GG004	PUCLARO	14	15	6	6	31	31	14	17	12	15	12	12	11	11	8	10	9	11	12	12	12	13	16	16	10	13	11	12	0	0
GG005	PUCLARO	15	16	7	9	28	29	14	14	10	14	11	11	9	11	10	10	11	13	11	12	12	12	16	17	10	15	8	9	25	26
GG007	PUCLARO	16	16	0	0	28	29	12	18	12	19	11	12	10	11	11	12	9	12	11	12	9	13	16	17	12	16	8	11	20	25
HT001	HUENTELAUQUEN	15	17	7	9	30	30	18	20	7	13	7	13	9	9	10	10	9	13	10	12	8	9	16	17	12	14	8	11	22	22
HT003	HUENTELAUQUEN	15	17	6	7	29	32	15	21	13	18	12	12	9	11	8	10	10	11	11	12	9	12	17	17	13	14	11	12	19	21
HT004	HUENTELAUQUEN	15	16	6	9	29	30	15	16	13	13	13	13	8	11	11	11	9	12	12	12	10	10	16	16	13	15	9	12	20	22
HT006	HUENTELAUQUEN	16	16	7	7	31	33	15	16	7	7	12	12	12	13	8	11	12	13	12	12	7	12	17	17	12	12	8	8	21	25
HT007	HUENTELAUQUEN	15	17	6	7	30	30	17	18	11	19	11	12	9	12	11	13	9	10	12	12	10	11	14	16	13	15	9	10	22	25
HT008	HUENTELAUQUEN	15	16	6	7	29	32	12	17	15	17	11	13	8	9	10	12	9	10	10	12	12	14	16	19	12	13	8	8	21	24
HT011	HUENTELAUQUEN	15	15	6	9	30	32	13	13	14	15	12	12	9	12	8	11	9	11	11	12	9	11	16	17	13	15	8	12	22	26
HT013	HUENTELAUQUEN	14	15	9	10	30	30	20	20	15	18	11	11	0	0	11	11	10	13	9	9	9	13	16	17	13	14	8	11	24	24
HT015	HUENTELAUQUEN	15	18	7	7	32	33	12	16	15	15	11	12	12	14	10	10	10	12	11	12	12	13	16	18	13	15	8	8	23	25
HT016	HUENTELAUQUEN	15	16	7	9	30	30	13	17	12	13	11	13	9	12	10	12	9	13	12	12	10	11	16	17	13	15	8	9	21	24
HT017	HUENTELAUQUEN	15	15	6	7	30	32	14	17	7	12	11	12	12	12	11	12	10	12	10	12	11	11	15	19	12	15	9	11	19	29
HT020	HUENTELAUQUEN	15	16	9	9	30	31	14	20	10	15	7	13	9	12	11	12	9	11	10	11	12	13	16	18	12	15	8	9	22	24
HT026	HUENTELAUQUEN	18	18	9	9	32	33	13	18	7	10	11	12	9	11	10	10	9	11	11	11	12	12	14	17	10	12	9	11	21	21
HT029	HUENTELAUQUEN	16	18	8	9	29	30	14	17	10	12	12	13	11	13	12	12	12	13	11	11	10	10	17	17	12	13	8	12	0	0
HT030	HUENTELAUQUEN	17	18	7	7	30	30	14	17	15	15	10	12	10	12	9	12	11	12	10	11	10	11	16	19	13	13	8	11	22	24
HT034	HUENTELAUQUEN	15	16	6	8	29	30	12	15	12	13	11	13	9	12	10	11	9	11	9	10	9	10	17	19	14	14	8	11	25	26
HT035	HUENTELAUQUEN	16	17	6	6	30	30	13	15	10	13	9	11	9	11	10	11	8	13	10	11	10	10	16	19	12	15	8	8	20	22
HT036	HUENTELAUQUEN	15	15	7	9	30	31	17	18	10	11	11	11	11	12	8	12	11	12	11	11	10	12	16	16	11	14	8	9	20	25
HT037	HUENTELAUQUEN	16	17	6	8	28	30	12	16	12	12	11	12	11	12	8	11	11	14	10	12	12	12	16	17	14	14	8	8	23	26
HT038	HUENTELAUQUEN	15	17	6	8	29	30	12	16	10	18	11	13	9	13	10	11	9	9	10	12	12	12	14	18	13	13	8	11	20	24
HT039	HUENTELAUQUEN	16	17	7	7	30	33	13	16	7	18	11	12	9	12	11	11	10	12	10	12	10	10	16	17	11	13	8	8	0	27
HT040	HUENTELAUQUEN	16	16	6	7	32	33	15	15	11	12	11	12	12	14	10	12	12	12	10	12	10	11	16	16	13	13	8	8	19	26
HT042	HUENTELAUQUEN	16	18	6	7	29	32	17	18	11	12	9	11	9	14	9	12	9	11	10	10	11	12	17	18	11	13	8	11	25	25
LG001	CASTILLO_MAL_PASO	15	15	7	9	28	32	13	17	12	14	11	12	9	11	12	12	9	10	10	10	10	13	16	16	12	14	8	12	21	27
LG002	CASTILLO_MAL_PASO	15	15	7	9	28	30	12	16	12	19	11	11	8	10	10	11	10	10	10	12	10	12	14	16	12	14	8	8	25	27
LG003	CASTILLO_MAL_PASO	15	16	9	9	30	30	13	15	10	16	10	11	9	11	10	11	11	11	9	10	11	13	16	16	12	14	8	8	22	24
LG004	CASTILLO_MAL_PASO	15	17	7	8	28	29	14	17	7	10	7	11	9	11	8	11	9	12	11	12	9	12	16	16	13	16	8	8	24	25
LG006	CASTILLO_MAL_PASO	16	18	6	9	30	30	14	19	12	17	11	12	11	12	10	12	11	12	10	12	9	13	16	17	13	14	8	11	24	27
LG007	CASTILLO_MAL_PASO	16	17	7	7	31	32	17	18	8	14	11	12	9	13	10	12	11	12	11	13	9	9	14	17	13	15	8	11	23	24
LG008	CASTILLO_MAL_PASO	16	18	6	9	31	31	13	17	13	15	11	12	13	14	10	11	12	12	11	12	10	11	14	16	13	13	8	11	26	27
LG009	CASTILLO_MAL_PASO	15	18	9	9	30	31	13	15	12	21	11	11	9	11	11	11	9	11	10	12	11	13	15	16	12	15	8	12	21	27
LG010	CASTILLO_MAL_PASO	15	18	7	9	31	31	14	15	13	20	9	11	9	14	8	12	9	12	12	13	10	11	16	16	13	16	11	11	25	27
LG011	CASTILLO_MAL_PASO	15	18	6	9	29	29	12	14	5	12	11	12	8	11	10	11	10	13	11	12	9	10	15	17	13	16	8	8	22	27
LG013	CASTILLO_MAL_PASO	15	15	7	9	30	32	13	15	12	14	11	12	10	12	11	12	12	13	11	11	10	11	17	19	11	12	8	8	22	29
LG015	CASTILLO_MAL_PASO	15	15	6	7	28	30	13	13	15	15	13	13	11	12	11	12	11	12	10	10	10	12	16	17	12	13	8	9	23	28
LG017	CASTILLO_MAL_PASO	16	16	7	7	32	32	14	15	12	21	11	12	10	10	9	10	9	11	10	12	9	13	17	18	14	14	11	12	24	27
LG018	CASTILLO_MAL_PASO	15	15	6	6	30	30	13	14	12	19	11	11	9	11	11	11	12	12	12	12	10	10	15	18	14	14	9	9	19	19
LG019	CASTILLO_MAL_PASO	16	17	7	7	27	31	12	17	16	19	11	11	9	9	12	13	12	13	0	0	10	12	16	19	12	15	11	12	25	28
LG020	CASTILLO_MAL_PASO	17	18	7	9	31	32	12	14	12	19	11	11	9	9	11	13	12	13	10	12	10	12	16	16	12	14	8	11	19	22
LG021	CASTILLO_MAL_PASO	14	16	9	9	28	32	17	18	7	18	7	12	12	12	10	11	9	13	11	12	11	12	16	16	11	13	8	11	21	25
LG022	CASTILLO_MAL_PASO	14	17	9	9	28	30	12	17	14	17	11	12	12	13	10	13	10	11	9	12	9	12	16	16	14	15	8	8	25	25
LG023	CASTILLO_MAL_PASO	15	16	6	7	28	31	12	13	11	12	11	13	9	13	12	12	11	12	10	13	11	11	16	17	14	15	11	12	25	26
LG024	CASTILLO_MAL_PASO	15	15	10	6	32	30	15	12	12	5	12	11	9	9	11	10	10	9	12	11	14	7	17	15	15	13	11	8	25	24
LG025	CASTILLO_MAL_PASO	15	15	6	6	29	31	9	15	5	21	10	13	9	12	8	8	9	12	11	12	9	11	16	17	12	13	10	11	24	25
LG026	CASTILLO_MAL_PASO	16	17	7	9	30	30	13	14	10	17	9	12	10	13	9	12	11	13	11	12	9	11	17	17	13	14	8	9	22	24
LG028	CASTILLO_MAL_PASO	14	16	7	9	28	30	13	14	11	17	12	12	13	14	7	12	11	12	12	13	12	13	16	17	12	13	8	12	21	24
LG029	CASTILLO_MAL_PASO	14	15	9	9	23	0	12	15	12	12	12	13	11	13	9	10	12	13	10	10	10	10	16	17	13	14	8	8	20	24
LG031	CASTILLO_MAL_PASO	12	16	6	7	32	33	16	17	13	15	12	12	11	13	10	13	11	13	11	12	9	12	16	18	12	14	9	11	19	22
LG032	CASTILLO_MAL_PASO	14	15	7	8	29	31	12	19	11	12	11	11	9	14	11	12	9	12	11	12	9	11	14	18	13	15	8	11	19	24
LG033	CASTILLO_MAL_PASO	15	15	6	9	29	30	12	14	12	14	11	12	11	12	11	11	8	13	12	13	10	11	16	18	14	14	8	8	24	27
LG034	CASTILLO_MAL_PASO	14	15	6	8	28	32	18	21	16	17	11	11	10	12	9	11	9	13	11	12	10	11	14	16	10	13	10	11	19	25
LG035	CASTILLO_MAL_PASO	15	16	6	9	29	30	14	21	9	10	11	11	9	12	10	11	11	12	10	11	10	11	15	17	13	15	8	11	17	19
LG036	CASTILLO_MAL_PASO	15	16	6	7	29	30	15	17	12	15	11	11	9	13	10	10	9	11	12	12	12	13	17	17	12	15	8	11	21	25
LG037	CASTILLO_MAL_PASO	15	16	7	7	30	30	15	15	12	19	11	12	9	11	10	11	9	13	10	12	11	13	15	17	13	15	8	11	22	25
LG038	CASTILLO_MAL_PASO	15	15	7	9	28	29	13	15	12	20	11	13	10	14	8	11	12	13	11	12	10	11	16	18	12	13	8	12	22	25
LG039	CASTILLO_MAL_PASO	16	17	6	9	30	32	13	15	11	21	11	12	8	11	7	11	9	13	11	14	10	13	16	18	13	14	8	11	21	26
LG039b	CASTILLO_MAL_PASO	15	16	7	7	29	30	14	15	15	19	11	12	11	13	10	11	10	11	10	12	11	12	17	18	15	16	8	11	21	22
LG040	CASTILLO_MAL_PASO	15	18	6	9	29	31	12	13	7	12	11	12	11	14	10	14	11	12	11	12	7	12	16	17	13	15	9	12	19	27
LG041	CASTILLO_MAL_PASO	15	16	6	8	30	0	17	20	12	20	11	11	9	11	12	13	11	12	12	12	10	11	16	19	14	14	11	11	19	26
LG042	CASTILLO_MAL_PASO	14	16	6	9	27	31	15	16	5	7	7	11	12	14	10	12	12	12	11	13	9	13	14	18	13	13	8	11	19	24
LG043	CASTILLO_MAL_PASO	15	15	7	7	30	30	14	15	19	19	11	12	9	11	11	11	10	13	10	12	9	11	15	18	13	16	11	11	21	22
LG044	CASTILLO_MAL_PASO	15	16	6	9	31	32	15	18	11	12	12	13	13	13	7	11	9	9	10	10	11	12	16	16	11	12	11	11	19	25
LG045	CASTILLO_MAL_PASO	15	15	6	7	28	30	12	13	14	19	11	12	9	9	11	12	13	13	10	12	11	12	16	18	12	14	8	8	23	25
LG046	CASTILLO_MAL_PASO	15	18	7	9	30	32	12	17	12	19	11	12	9	11	12	12	9	13	10	10	10	12	14	16	13	14	8	12	24	25
LG047	CASTILLO_MAL_PASO	15	17	6	6	29	31	13	14	7	12	11	12	8	9	10	10	10	13	9	11	9	13	14	18	14	15	8	12	17	24
LG048	CASTILLO_MAL_PASO	16	16	6	7	29	32	12	15	5	11	11	13	12	13	11	11	9	10	10	12	10	11	16	16	11	12	9	11	24	25
LG049	CASTILLO_MAL_PASO	14	15	9	10	28	30	17	19	5	12	11	12	11	13	10	12	9	12	10	10	10	10	16	17	11	11	8	11	25	25
LG050	CASTILLO_MAL_PASO	15	16	7	7	31	31	19	19	14	18	7	11	10	12	9	11	11	12	10	12	9	12	15	16	12	14	8	8	19	28
LG051	CASTILLO_MAL_PASO	16	17	6	9	29	29	14	18	8	12	11	13	12	12	11	11	10	12	10	13	10	11	15	15	11	11	10	12	25	29
LG052	CASTILLO_MAL_PASO	16	16	7	9	29	33	14	17	12	15	11	13	9	12	11	11	9	12	11	13	10	11	14	18	14	16	8	12	24	25
LG053	CASTILLO_MAL_PASO	14	15	6	6	29	30	13	16	12	12	11	12	12	12	10	11	12	12	10	12	10	12	15	17	12	15	8	8	27	27
LG054	CASTILLO_MAL_PASO	16	16	9	9	29	30	13	14	10	12	12	14	8	11	10	12	8	11	12	12	12	13	16	18	13	14	8	11	21	25
LG055	CASTILLO_MAL_PASO	15	18	7	9	30	30	13	16	8	14	11	12	8	11	12	12	9	10	10	10	10	13	14	16	12	13	8	12	21	27
LG056	CASTILLO_MAL_PASO	15	19	9	9	30	33	11	15	12	20	10	12	8	13	11	11	10	13	10	11	10	10	16	17	13	15	8	11	21	23
LG057	CASTILLO_MAL_PASO	15	18	7	9	29	32	13	14	10	13	11	13	11	12	9	10	11	13	10	13	8	9	17	18	12	15	8	12	20	24
LG058	CASTILLO_MAL_PASO	15	15	6	7	30	30	14	16	12	14	11	11	12	12	11	12	12	12	11	12	9	10	15	16	12	12	8	12	20	27
LG059	CASTILLO_MAL_PASO	16	16	6	9	31	31	15	17	12	13	11	12	14	14	11	12	10	11	11	11	9	10	14	16	13	14	8	11	26	26
LG060	CASTILLO_MAL_PASO	16	17	6	8	30	31	15	16	13	18	10	11	9	11	10	12	10	12	10	12	11	12	15	16	13	15	11	12	22	26
LG061	CASTILLO_MAL_PASO	15	16	6	7	29	31	16	17	7	12	12	12	11	12	10	11	12	12	10	11	9	12	17	19	12	12	8	11	24	27
LG062	CASTILLO_MAL_PASO	15	18	7	9	29	31	13	16	12	14	13	13	11	14	11	11	9	12	9	11	9	10	17	19	12	14	8	12	23	25
MP001	MONTE_PATRIA	15	16	9	9	30	31	14	14	14	17	9	12	10	12	10	11	9	13	11	11	10	12	14	19	12	13	8	12	19	26
MP002	MONTE_PATRIA	15	15	0	0	0	0	0	0	0	0	0	0	0	0	0	0	0	0	0	0	0	0	0	0	0	0	0	0	0	0
MP003	MONTE_PATRIA	14	16	7	7	30	30	13	15	10	14	11	11	8	10	11	12	9	11	11	12	10	10	16	16	12	14	11	12	21	24
MP004	MONTE_PATRIA	15	16	6	9	28	30	14	14	21	21	11	13	11	14	11	13	10	12	10	11	9	12	16	16	13	15	7	8	23	26
MP006	MONTE_PATRIA	15	16	6	10	32	32	19	19	19	22	11	13	8	14	9	10	11	12	11	12	10	10	14	18	13	14	11	11	21	24
MP007	MONTE_PATRIA	15	16	9	9	29	29	15	17	12	13	11	11	9	9	12	12	9	10	11	11	13	13	16	17	12	13	8	11	19	23
MP008	MONTE_PATRIA	16	18	9	9	29	30	13	14	14	15	11	11	10	12	10	11	11	12	10	11	8	10	16	18	14	14	8	8	20	23
MP009	MONTE_PATRIA	15	16	9	9	29	30	16	16	17	20	11	11	9	12	10	11	10	11	10	12	11	13	17	18	13	15	8	11	21	22
MP010	MONTE_PATRIA	15	16	7	9	29	32	16	17	13	19	11	11	9	11	10	12	10	12	10	11	11	13	15	16	12	16	8	12	19	22
MP012	MONTE_PATRIA	15	15	6	9	28	30	14	18	8	17	9	13	9	9	10	10	11	12	10	11	11	11	16	18	14	16	9	11	21	23
MP013	MONTE_PATRIA	15	15	6	8	31	0	13	17	13	14	11	11	8	13	12	12	11	13	10	12	9	11	16	17	13	14	11	11	20	24
MP015	MONTE_PATRIA	15	16	6	7	29	31	13	16	13	13	7	11	10	12	10	10	9	12	12	13	7	7	17	18	13	15	8	8	24	27
MP016	MONTE_PATRIA	15	18	9	9	28	30	14	18	17	17	9	11	10	13	10	11	9	12	10	12	9	11	17	17	13	14	8	8	21	21
MP017	MONTE_PATRIA	15	17	7	8	28	30	17	17	12	13	12	13	12	12	11	11	9	13	10	12	9	13	16	18	12	13	8	8	23	24
MP018	MONTE_PATRIA	15	16	7	9	30	31	16	17	7	12	7	12	10	12	8	12	11	13	12	12	10	12	16	19	13	16	8	8	22	27
MP019	MONTE_PATRIA	15	15	7	9	29	29	13	17	12	12	11	12	10	11	10	11	11	12	10	12	11	13	16	16	11	14	8	11	20	21
MP020	MONTE_PATRIA	15	16	6	7	30	0	14	17	19	19	7	11	9	12	10	12	12	12	11	12	11	14	16	17	12	15	8	12	20	23
MP021	MONTE_PATRIA	15	16	7	7	31	31	12	15	12	12	11	12	12	12	10	11	9	9	11	12	10	10	17	18	15	15	8	11	21	25
MP023	MONTE_PATRIA	15	16	7	9	30	30	12	14	11	17	9	12	10	13	9	10	9	13	10	11	7	12	17	17	13	14	8	11	19	27
MP024	MONTE_PATRIA	15	16	7	9	31	32	17	17	10	17	11	12	11	12	10	11	11	12	10	11	10	11	16	17	13	13	8	8	25	25
MP026	MONTE_PATRIA	15	15	8	9	28	33	9	15	13	18	7	13	9	9	9	10	10	12	10	12	11	13	16	17	13	16	8	8	19	23
MP027	MONTE_PATRIA	18	19	6	7	30	30	14	17	12	13	12	13	9	11	10	12	9	12	10	10	9	9	16	18	12	14	11	11	20	21
MP029	MONTE_PATRIA	15	15	6	9	31	32	15	16	15	17	12	13	9	11	7	11	9	11	11	12	9	11	16	17	12	13	8	8	19	0
MP030	MONTE_PATRIA	15	15	7	9	31	32	12	13	7	7	11	11	9	15	10	12	11	11	12	12	11	14	16	16	13	13	8	8	21	27
MP031	MONTE_PATRIA	16	16	9	9	31	32	14	16	15	20	12	12	11	14	9	13	11	12	10	11	9	12	16	17	13	15	8	11	20	25
MP032	MONTE_PATRIA	15	15	6	7	33	33	15	15	12	16	9	11	11	12	10	10	11	12	11	11	10	13	16	16	10	13	11	12	23	24
MP033	MONTE_PATRIA	15	16	6	7	29	33	13	15	12	18	9	11	8	12	10	11	10	12	11	11	10	13	16	16	13	13	8	12	23	24
MP034	MONTE_PATRIA	16	16	7	9	28	32	19	19	15	20	7	12	9	12	11	12	10	12	12	12	12	13	16	18	12	12	8	11	21	25
MP035	MONTE_PATRIA	16	16	6	9	31	32	18	18	5	13	12	13	11	14	11	13	13	13	0	0	0	0	15	16	10	10	8	8	26	26
MP036	MONTE_PATRIA	16	16	7	9	31	31	14	14	16	16	11	13	11	12	11	12	12	12	10	10	11	11	15	16	12	12	8	10	26	27
MP038	MONTE_PATRIA	15	16	6	7	30	31	14	15	5	7	12	13	8	13	12	12	9	10	12	12	12	13	15	17	12	15	8	11	25	26
MP040	MONTE_PATRIA	15	15	7	8	29	31	12	14	13	21	11	11	11	11	8	11	12	12	10	11	11	14	16	16	13	14	9	11	19	19
VP001	PUCLARO	15	16	6	9	30	31	14	14	18	20	8	9	9	12	12	12	12	12	10	12	9	9	15	16	10	13	8	11	20	21
VP005	PUCLARO	14	18	7	10	29	31	11	14	10	10	11	12	8	11	11	12	9	12	12	13	10	12	16	17	12	15	8	8	24	25
VP006	PUCLARO	15	16	7	7	29	31	14	14	7	10	7	11	11	11	10	11	9	12	10	12	9	14	15	16	10	12	8	11	22	26
VP007	PUCLARO	16	16	6	9	31	33	16	17	15	21	11	12	10	14	12	12	11	11	10	12	10	11	16	20	10	15	8	12	23	26
